1 0.0061816047 0.56263804 0.42744678 0.002360476 9.591042e-05 3.3471224e-05 1.08191525e-05 1.7505778e-05 6.4979845e-06 4.1096882e-06 5.8930905e-06 7.0844717e-06 1.4374211e-06 3.0803835e-07 7.8115056e-07 2.5453014e-06 6.86562e-07 2.3235905e-06 5.567553e-06 1.177469e-06 5.513607e-06 2.556018e-05 0.000103408085 0.0010426008
2 0.046217065 0.925976 0.024464227 0.00017229973 4.7624024e-05 2.7279602e-05 1.9605983e-05 4.3207197e-05 4.2634434e-05 2.9067614e-05 0.00013996748 0.00018771595 2.8626819e-05 3.7180266e-06 7.684218e-06 3.9902e-05 9.6758995e-06 4.1272733e-06 4.4315866e-06 1.2904919e-06 1.6809627e-05 5.419016e-05 0.00020486416 0.0022580582
3 0.00016854615 0.043135613 0.95524037 0.001437081 6.5431213e-06 6.0061524e-07 2.489879e-07 1.13235274e-07 3.8265867e-08 5.9483405e-08 2.5187077e-08 1.842303e-08 7.0743993e-09 2.0862037e-09 5.255658e-09 1.5704916e-08 1.2471616e-08 9.1828326e-08 2.647093e-07 4.0317367e-08 1.3721683e-07 6.8309913e-07 1.0571156e-06 8.377592e-06
4 5.792366e-05 0.29901183 0.6974882 0.0034234698 1.7086364e-05 2.1523428e-07 7.7832585e-09 1.8002334e-08 3.0545717e-09 3.35121e-09 8.867481e-09 3.9866627e-08 3.2593472e-09 2.775064e-10 1.8697126e-09 8.118488e-09 3.9184306e-10 1.6899791e-10 3.3484415e-10 2.2042185e-10 5.548082e-10 1.0557177e-09 1.6064451e-08 1.2496279e-06
5 1.4302163e-06 0.0017823165 0.9365327 0.06164743 3.6062334e-05 5.1064198e-08 2.9514422e-09 8.9326097e-10 1.945281e-10 6.829355e-10 3.1313982e-10 2.285972e-10 4.8227488e-11 1.1377934e-10 1.6964628e-10 1.4227755e-10 9.8338865e-11 6.0739314e-10 5.1613873e-09 6.3062616e-10 3.3935282e-10 7.4401485e-10 5.438083e-09 6.239663e-08
6 0.00032542436 0.028451756 0.9627209 0.008488366 7.679417e-06 2.5199355e-08 4.714855e-09 1.1868511e-09 2.8014085e-10 4.3885562e-10 3.231958e-10 1.01688546e-10 3.454356e-11 2.8633783e-11 2.2121617e-11 1.0560971e-10 8.733541e-11 1.6685169e-10 5.40856e-10 2.1249635e-10 7.7337825e-10 7.81069e-09 9.815701e-08 5.7956204e-06
7 7.0473343e-06 0.023600586 0.97629493 9.7117496e-05 8.518104e-08 3.9965936e-10 5.5346543e-11 4.25606e-11 1.0041747e-11 1.0190283e-11 3.7166426e-11 1.6341995e-11 1.3260554e-11 7.294056e-12 8.1037066e-11 2.3146542e-09 2.8032776e-10 8.0542173e-10 1.1556198e-09 4.0336595e-10 4.7251913e-10 1.0536791e-09 2.3401006e-09 2.8379958e-07
8 2.365791e-06 0.0016593628 0.9951254 0.0032109823 1.8523046e-06 1.22053825e-08 3.006111e-09 5.104551e-10 2.7615565e-10 7.2317186e-10 1.5312844e-10 3.8500283e-11 1.8401966e-11 6.1119478e-12 8.8222945e-12 5.850276e-11 9.887549e-11 4.633114e-10 4.6003445e-09 5.711495e-10 4.708555e-10 1.4460232e-09 5.495676e-09 5.285539e-08
9 0.14031711 0.5345369 0.32466686 0.00016338061 1.9767711e-07 3.440697e-09 3.3851295e-09 1.4211989e-09 5.7986566e-10 2.7951874e-10 9.138617e-09 1.0130876e-09 1.6586803e-10 1.5155793e-11 1.1170928e-11 5.3859164e-11 1.1882334e-10 2.2411883e-10 2.2339602e-10 4.0452985e-11 2.5785658e-08 3.8154514e-07 5.586083e-06 0.00030967168
10 9.895244e-08 0.00051587337 0.99380726 0.005673876 2.888119e-06 1.6089157e-08 2.8515396e-10 9.504514e-11 2.4908582e-11 7.207658e-11 2.661464e-11 2.264974e-11 9.109704e-13 2.4991145e-13 2.9469014e-12 6.1223812e-12 2.243974e-13 1.4017711e-12 1.52126e-11 3.1992035e-12 5.246186e-13 2.0659156e-12 6.1346254e-11 5.3983022e-09
11 0.002963724 0.33536398 0.6608835 0.00077453227 4.998232e-07 7.337043e-10 8.062602e-11 4.626489e-11 1.6935935e-11 6.7373633e-12 1.3021337e-10 1.00531854e-10 2.7062567e-12 2.898287e-13 6.1845163e-13 8.502623e-12 2.0992088e-12 1.9145705e-12 5.517041e-12 9.926257e-13 5.18958e-10 1.0206715e-08 1.2542819e-07 1.3625655e-05
12 1.3460561e-05 0.79127663 0.20868872 2.102527e-05 1.2159308e-07 1.3719108e-09 4.5774242e-11 8.59446e-11 2.4183785e-11 8.306166e-11 1.3067343e-10 8.9517965e-10 6.160224e-11 2.1394683e-12 1.10147474e-10 1.0264612e-09 1.8177886e-11 4.2364844e-12 9.471457e-12 1.168594e-12 6.26057e-12 3.5721456e-12 2.8727354e-11 4.2054378e-08
13 0.8097373 0.11759301 0.0019839788 6.98338e-05 3.4183754e-06 7.327604e-08 4.3317755e-08 5.1365447e-08 9.188249e-09 1.4458135e-09 1.800515e-08 3.8941458e-08 7.325999e-09 3.1372545e-09 3.9755688e-10 2.7657394e-09 4.6997197e-09 1.5632201e-09 1.1517642e-08 2.8713597e-08 2.103261e-05 0.00010513432 0.003456272 0.06702976
14 0.000630315 0.0013852221 0.0012132921 0.0024085129 0.05626462 0.07255791 0.28951022 0.2678289 0.1847341 0.075561434 0.01648106 0.015195641 0.003400616 0.0069659883 0.004534424 0.00031847646 0.00079053105 8.293535e-05 2.3501945e-05 6.1185083e-06 3.5695986e-05 3.1953466e-06 3.1852505e-05 3.5437282e-05
15 0.008484976 0.046985187 0.2637506 0.04790446 0.010481684 0.002444524 0.001880992 0.00106384 0.001324309 0.0023127203 0.0028723932 0.001775594 0.0019738832 0.0046046255 0.016859878 0.032576755 0.073166355 0.14936438 0.17205189 0.08531245 0.050514646 0.013072548 0.003989452 0.0052318587
16 0.009381064 0.012654722 0.01069029 0.022106878 0.14706098 0.13810581 0.16283742 0.13142246 0.13758412 0.111164436 0.048328735 0.021532878 0.0068130745 0.0059730723 0.005150399 0.0031766212 0.0028259559 0.0015943772 0.0028190687 0.0048155934 0.0033465202 0.0023485026 0.004112982 0.0041540987
17 0.00096343027 0.0039080065 0.3938101 0.5940552 0.006789267 9.65493e-05 7.30009e-06 2.5109744e-06 9.93868e-07 1.0473325e-06 1.9674371e-06 7.192677e-07 5.953974e-08 1.0398977e-07 8.3784435e-08 1.3392291e-07 3.4105327e-08 1.7177051e-07 9.143427e-07 7.872769e-07 6.987839e-07 2.4418234e-06 4.5794637e-05 0.00031177883
18 8.871248e-05 0.48269224 0.51705694 0.00015969417 1.1007098e-06 7.219539e-08 1.6579056e-09 3.1307201e-09 5.4558646e-10 3.5440606e-10 3.8527034e-10 1.7446697e-09 5.7009883e-11 3.2456425e-12 3.7560656e-11 2.037218e-10 2.6320786e-12 4.9824134e-12 2.6123052e-11 6.278005e-12 3.9436773e-11 1.6086257e-10 3.755904e-09 1.2432617e-06
19 8.704545e-07 4.039023e-05 0.02732465 0.9660033 0.00660379 2.2683023e-05 1.879388e-06 1.3756613e-07 4.886926e-08 2.5005966e-07 1.7354851e-06 7.569062e-08 1.8893823e-08 1.679177e-08 2.270935e-09 8.3906454e-10 3.7142264e-10 3.28707e-09 3.5007044e-08 2.5317517e-09 2.412106e-09 5.246539e-09 7.640387e-08 1.0173771e-07
20 0.8799306 0.10416507 0.0002571501 4.4041144e-06 2.4064542e-07 1.41685845e-08 1.0964687e-09 1.7977081e-09 1.4438781e-10 6.7322146e-12 2.0246371e-10 1.9736948e-10 3.2973554e-12 2.2024277e-12 2.9329192e-13 3.3197548e-12 2.3167137e-13 2.0555319e-13 6.992896e-13 2.5701912e-12 1.2063181e-08 6.103093e-07 0.000103218656 0.0155386925
21 0.00058174354 0.99693763 0.0024778373 1.9727963e-07 1.7636932e-08 2.950134e-09 3.4295755e-10 1.6036215e-09 3.3644673e-10 2.1351249e-10 4.6877195e-09 1.13017675e-08 7.146582e-10 1.4547792e-11 6.15104e-11 7.2764794e-10 2.2287405e-11 7.785794e-12 1.3744755e-11 1.328402e-12 4.9208404e-10 1.3321413e-09 1.1552045e-08 2.5912848e-06
22 1.3455162e-05 0.004490537 0.98596287 0.009519786 1.1293348e-05 1.497322e-07 5.0361464e-08 1.1887527e-08 1.4425684e-08 2.9706506e-08 2.0240218e-08 5.486835e-09 8.6957685e-10 2.584405e-10 5.6414395e-10 5.589607e-09 7.4226683e-09 2.0565935e-08 8.3532676e-08 1.8681792e-08 1.215561e-08 5.323295e-08 2.1659983e-07 1.4119527e-06
23 0.0060968744 0.67916363 0.31228364 0.0020290175 0.00015454253 3.7383907e-05 1.2646482e-05 5.764151e-06 1.7775574e-06 1.1822258e-06 1.5435706e-06 5.8783223e-07 2.1005285e-07 2.578993e-08 3.0840994e-08 1.4080312e-07 4.8936343e-08 8.187859e-08 1.493926e-07 3.9448196e-08 9.0917354e-07 5.773077e-06 1.4240228e-05 0.00018981285
