1 0.013701696 0.0016004879 0.00022268736 7.222855e-05 3.3994154e-05 2.3669061e-05 4.121801e-05 6.64542e-05 6.83845e-05 7.231608e-05 0.00029753812 7.23866e-05 4.8375296e-05 3.3600787e-05 7.146541e-05 0.0007074082 0.00023872561 0.0005024169 0.0020026485 0.002461819 0.0119291 0.11364353 0.5301062 0.32198164
2 0.009304587 0.0012353943 6.476944e-05 1.7368784e-05 3.5267574e-06 3.3720607e-06 3.3921992e-06 2.4800123e-05 9.976024e-06 7.2528774e-06 2.2114318e-05 2.4818835e-05 1.8134122e-05 1.0140908e-05 2.0809031e-05 7.049031e-05 5.269316e-05 0.00018456663 0.00017205758 0.000106280306 0.0005255224 0.006906904 0.30382293 0.67738813
3 0.011420648 9.751118e-05 9.933058e-06 1.5438654e-06 8.9383934e-07 2.6179995e-07 7.0756286e-08 2.4522737e-07 3.1081834e-07 1.5007248e-07 8.944701e-08 8.4720554e-08 1.47787205e-08 9.222923e-08 8.1215994e-08 2.9724515e-07 5.4506398e-08 2.1718938e-07 1.152833e-06 3.243346e-06 7.771135e-06 0.00029157996 0.060540043 0.9276237
4 7.835763e-05 1.7952891e-07 9.103108e-09 1.4277386e-09 1.7843277e-09 2.2579276e-09 8.1352336e-10 1.3658056e-09 1.082924e-09 8.007254e-10 7.9939066e-10 3.014839e-10 1.2601041e-10 8.3191586e-11 6.9451817e-10 6.2302323e-09 4.731399e-09 4.9818702e-08 1.3338064e-07 1.735242e-07 5.502733e-06 0.00066462153 0.5942104 0.40504062
5 0.0016873134 3.5742931e-07 1.1641129e-08 2.345893e-10 2.070305e-10 1.0480522e-10 3.9867996e-12 1.4624973e-11 1.0729476e-11 2.67118e-12 1.1570818e-12 1.1065506e-12 3.8695262e-13 1.2769732e-12 9.8278365e-12 2.8459249e-11 7.0128963e-12 6.712586e-11 5.1857946e-10 1.7851491e-09 5.4702312e-08 2.5626141e-05 0.1219164 0.8763703
6 0.00076339435 2.4837755e-07 5.083363e-09 1.7539174e-10 1.5181206e-10 5.2775905e-11 3.2218653e-12 2.3035747e-11 2.9183062e-11 4.5859896e-12 5.852425e-13 5.591132e-13 1.059849e-13 1.899643e-12 2.253728e-12 1.0364163e-11 4.9396698e-12 7.776651e-11 2.899719e-10 3.481081e-10 2.4341936e-08 4.5508064e-06 0.027946642 0.9712851
7 0.00033923908 1.7864966e-07 4.6751847e-09 2.7035818e-10 1.547899e-10 9.1154875e-11 1.4764988e-11 3.1599362e-11 9.382672e-11 3.9624443e-11 4.9905503e-11 9.256904e-12 3.0543714e-12 7.399856e-12 2.8703031e-11 2.6816466e-10 4.00116e-11 1.3549573e-09 6.1414247e-09 5.610626e-09 1.2232645e-07 4.218671e-05 0.19175433 0.80786395
8 0.007363576 4.843882e-06 7.368975e-08 3.3853425e-09 1.7888158e-09 3.4423303e-10 2.387828e-11 4.4209355e-11 1.0368131e-10 1.458771e-11 3.2642376e-12 1.1649974e-12 3.4848497e-13 6.5966325e-12 4.617697e-12 1.4214112e-11 7.5650874e-12 4.0144617e-11 3.2822495e-10 6.591472e-10 5.265791e-09 1.1109854e-06 0.004547212 0.98808324
9 0.011512604 1.5728892e-05 3.5227735e-08 2.1414187e-10 7.250178e-11 7.740791e-12 7.48469e-13 4.1891013e-12 3.637199e-12 4.5624366e-13 3.813305e-13 5.7268385e-14 6.770647e-14 2.2643198e-13 1.8180631e-12 4.923348e-12 7.710822e-13 1.9230945e-11 9.066364e-11 8.8268476e-11 5.3536784e-09 1.1766898e-06 0.0055751745 0.98289526
10 4.718246e-05 1.5188409e-08 9.654799e-10 8.0972416e-11 1.9672958e-10 3.0427633e-10 6.677092e-11 1.5497874e-10 3.1923927e-10 1.4276967e-10 1.2592347e-10 9.360839e-11 1.0004338e-11 5.0825733e-11 3.8246593e-11 6.6758943e-10 3.3498132e-10 1.6039129e-09 1.4266997e-08 3.55737e-08 1.5124078e-06 0.0009961394 0.7405967 0.25835848
11 0.00063015346 5.052234e-07 2.0213682e-09 3.8507326e-11 6.2331386e-12 2.68057e-12 2.5304279e-13 2.914926e-12 7.335156e-13 1.5890693e-13 8.1633756e-14 2.6778986e-13 2.6438926e-14 9.07453e-14 5.8528475e-13 6.7108294e-12 3.0938242e-12 3.525329e-11 1.9478594e-10 5.279739e-10 1.8702146e-08 1.5613918e-05 0.19281644 0.80653733
12 5.392659e-06 2.012221e-09 1.2197609e-11 5.787071e-13 6.942175e-14 7.243803e-14 1.919085e-14 5.8648025e-13 3.8655776e-13 1.3102993e-13 8.91202e-13 2.387254e-12 2.3236556e-13 1.1471854e-13 6.4142154e-13 1.1937454e-11 9.134242e-12 3.7466685e-10 6.4944294e-10 8.4245577e-10 1.0494112e-07 0.00017445888 0.8435869 0.15623316
13 0.067672685 0.0011041147 3.301175e-05 3.30535e-07 4.3265755e-09 5.351246e-10 2.4989465e-11 3.2830338e-10 3.62372e-12 4.0897112e-13 1.8878945e-13 7.265108e-12 3.918848e-12 4.573416e-12 2.213683e-11 1.2220391e-10 4.2341153e-10 4.9832627e-09 2.4367292e-08 7.70519e-08 2.3665314e-06 0.00014479592 0.04719397 0.88384867
14 0.002069073 0.0006884353 0.00036747762 0.0012101498 0.0015145801 0.0048272377 0.0010558467 0.0017381738 0.0010538124 0.0030876952 0.00914318 0.014966769 0.009157921 0.008050496 0.014253875 0.042008247 0.09403531 0.21376447 0.31719482 0.2109351 0.034596823 0.008424761 0.0031886501 0.002667071
15 0.11736258 0.03871061 0.02434635 0.016657196 0.013263913 0.012272316 0.00661546 0.01135522 0.008017061 0.0073721698 0.006582197 0.00592884 0.0022898077 0.0026630978 0.006457313 0.005879268 0.0037206626 0.012785815 0.02161333 0.038978 0.026955362 0.050938964 0.17627883 0.38295564
16 0.05602815 0.06264602 0.030332481 0.042792436 0.017614916 0.020041328 0.009417802 0.010244502 0.01588713 0.011177985 0.01709792 0.012413509 0.017797124 0.023382371 0.022490501 0.0417412 0.05511227 0.09838279 0.14991994 0.090991095 0.09001394 0.040315244 0.020218723 0.043940634
17 0.01905027 0.0005364468 0.0001564999 1.6083613e-05 2.6574975e-05 6.813746e-05 2.0554098e-05 1.5929236e-05 5.3606414e-06 1.9117606e-06 4.2167045e-07 1.3345488e-06 9.773527e-07 8.396552e-07 5.5020854e-07 1.3252975e-06 1.3068063e-06 3.2304047e-06 1.4257951e-05 4.7130125e-05 0.0003915353 0.01301724 0.4669094 0.4997127
18 1.17198e-05 3.0772792e-08 1.0061167e-09 1.441377e-10 4.304659e-11 4.7766055e-11 4.4669126e-11 3.9397008e-10 1.9229743e-10 1.5712813e-10 6.361983e-10 8.100891e-10 1.03157066e-10 6.234191e-11 2.26662e-10 9.00224e-09 5.7998437e-09 3.067872e-08 1.6978862e-07 3.16534e-07 7.286847e-06 0.002385467 0.94641227 0.051182836
19 0.0029862002 1.8299422e-06 2.0813341e-07 1.6891382e-09 2.650666e-09 9.876893e-10 1.4922145e-11 2.4292976e-10 1.3574987e-10 9.080172e-12 2.6036478e-12 2.9664737e-10 1.0208955e-10 3.606368e-10 1.8048532e-10 4.1481013e-10 2.9640325e-11 2.1721468e-11 1.0412695e-09 6.0222076e-09 4.6581924e-08 1.864578e-05 0.06117224 0.9358208
20 0.00063246064 3.2848736e-06 1.240752e-07 2.7348834e-09 3.1338354e-10 1.31244494e-11 5.3729447e-12 4.5124532e-10 1.5202943e-12 7.629398e-13 3.2415702e-13 1.3660411e-11 1.8483331e-12 1.5735885e-12 6.933262e-11 2.3312328e-09 1.698924e-08 7.108251e-08 2.2738855e-07 1.586696e-06 0.0003784251 0.0148733165 0.8468319 0.1372786
21 0.0001142513 8.4318617e-07 4.092918e-09 1.6153322e-10 7.312775e-12 2.8518143e-12 3.151172e-12 2.9440145e-10 2.4642656e-11 1.096232e-11 1.5906637e-10 5.901956e-10 1.2055605e-10 1.6265043e-11 3.108494e-10 1.0314088e-08 8.083049e-09 1.2843626e-07 2.6604977e-07 3.0610522e-07 1.1213156e-05 0.0016260747 0.62410945 0.37413746
22 0.0089713065 2.0423922e-05 5.447839e-07 7.1278706e-08 5.317863e-08 2.0617774e-08 1.8518372e-09 1.01212185e-08 1.1961929e-08 2.9699132e-09 4.2380338e-10 3.579523e-10 7.340756e-11 1.2852887e-09 4.5939624e-10 1.0078176e-09 2.5578165e-10 1.3877159e-09 8.978201e-09 1.507306e-08 5.1554277e-08 7.5502103e-06 0.0076315044 0.9833684
23 0.015364751 0.00033041774 1.36706185e-05 2.2003205e-06 6.1662377e-07 1.228412e-07 5.982348e-08 3.6162476e-07 1.9571604e-07 5.8486634e-08 1.13491005e-07 1.306428e-07 5.767896e-08 1.0368579e-07 2.2036198e-07 1.3657727e-06 1.2883073e-06 8.346574e-06 2.376647e-05 3.7819882e-05 0.00041684916 0.009196609 0.37014422 0.60445666
