1 0.0011915711 0.15167756 0.17850909 0.001619343 0.000106379855 1.446198e-05 2.4278786e-06 5.656733e-06 1.3390572e-06 7.390915e-07 1.0475641e-06 1.299185e-06 2.7225082e-07 5.3326485e-08 1.3592538e-07 4.2871895e-07 1.1495254e-07 3.8869777e-07 9.2819573e-07 1.9726859e-07 9.2434357e-07 4.2926304e-06 1.7431745e-05 0.00017729931
2 0.007786311 0.25368685 0.07122572 0.000105262036 8.306437e-06 4.5684155e-06 3.2708904e-06 7.214585e-06 7.1080385e-06 4.845476e-06 2.3332246e-05 3.1303705e-05 4.7804333e-06 6.210011e-07 1.2816972e-06 6.6516545e-06 1.6127944e-06 6.879856e-07 7.386076e-07 2.1510054e-07 2.802112e-06 9.033645e-06 3.4150744e-05 0.00037671902
3 3.2028966e-05 0.010371672 0.31996965 0.002936076 2.1220712e-05 3.1803003e-07 1.2071904e-07 3.5550777e-08 2.8117174e-08 5.1228206e-08 1.4694777e-08 5.8735945e-09 6.863535e-09 3.6401744e-09 2.5413776e-09 6.5161716e-09 1.2402815e-08 2.7196958e-08 4.9400946e-08 1.2494271e-08 2.6526378e-08 1.250076e-07 2.1708138e-07 1.6096178e-06
4 1.0713261e-05 0.05071985 0.280941 0.0016545377 6.899658e-06 5.7950146e-08 1.6997717e-09 3.9499954e-09 6.093829e-10 6.701044e-10 1.5319127e-09 6.6961863e-09 5.9633976e-10 5.2340018e-11 3.9622616e-10 1.6375328e-09 7.6859706e-11 1.984992e-10 6.697816e-11 7.787206e-11 1.0360336e-10 1.839556e-10 3.1388798e-09 2.791208e-07
5 2.3876928e-05 0.002851157 0.31333524 0.017105702 1.5843832e-05 5.390571e-08 1.2204614e-08 3.1950795e-09 2.1351505e-09 2.5622202e-09 1.4989018e-09 4.828993e-10 8.3667273e-10 6.047757e-10 3.370645e-10 1.1835289e-09 2.3205857e-09 5.0000395e-09 2.453296e-09 1.736753e-09 3.3629826e-09 1.9274594e-08 1.3802824e-07 1.2845271e-06
6 9.105566e-05 0.0048926705 0.27286538 0.05504539 0.00042718317 1.0232266e-06 1.07038254e-07 4.1062442e-08 5.047868e-09 3.656632e-09 3.1683567e-10 1.1335984e-10 2.6841182e-10 4.2276526e-11 1.2355095e-11 9.1019955e-11 2.172803e-10 1.3127757e-09 1.0892914e-08 5.4408584e-09 2.2138526e-08 1.1395526e-08 3.022951e-07 1.0152826e-05
7 1.749563e-05 0.0041217203 0.2659995 0.06311414 7.3691146e-05 2.1833662e-07 2.7949305e-08 2.2639606e-09 1.9117365e-09 3.20076e-09 3.5317138e-10 1.0206285e-10 1.090758e-10 5.988915e-11 6.039855e-11 7.720313e-10 5.039082e-10 8.7373475e-10 1.2617386e-09 4.570219e-09 8.558033e-09 2.5500666e-08 4.8979825e-07 6.065307e-06
8 0.0011921853 0.008753652 0.27838624 0.03854379 0.006102025 0.00019143795 4.2466956e-05 1.4395822e-05 4.7382123e-06 1.5858263e-06 5.08203e-07 2.0806611e-07 3.5485346e-07 4.2949303e-08 3.3191188e-09 2.4958602e-08 1.9126624e-08 5.7715322e-08 1.9810952e-07 1.7132882e-07 2.2708625e-06 1.753501e-06 8.43587e-06 8.681177e-05
9 0.0723483 0.20163612 0.056691535 4.0974024e-05 2.4976032e-06 4.2942816e-07 2.603411e-07 3.052582e-07 5.6488737e-08 1.0909286e-08 5.418313e-08 7.4751966e-08 3.536787e-08 3.8649794e-09 2.2617262e-10 1.4520717e-09 3.8446307e-10 2.1784166e-09 4.582212e-09 4.6558966e-09 1.2220223e-06 1.21051235e-05 0.0002555512 0.0023438106
10 9.358819e-08 0.0003635273 0.33158278 0.0013860266 9.116288e-07 6.2721117e-09 5.614574e-11 3.523598e-11 7.155731e-12 1.2782905e-11 4.5201117e-12 3.8673053e-12 2.1776857e-13 4.7338866e-14 7.31445e-13 1.235326e-12 4.0504865e-14 2.660123e-13 2.5476312e-12 5.90719e-13 1.225441e-13 3.5502092e-13 1.3181948e-11 2.8888727e-09
11 0.0005265209 0.06668692 0.26481074 0.0013024 3.7361533e-06 3.711454e-08 6.618187e-09 5.230001e-10 8.1227947e-10 1.2016008e-09 2.03501e-10 1.3871937e-10 7.02735e-11 8.6075355e-11 6.107634e-11 2.310409e-10 2.2156527e-10 2.0558769e-10 1.5542793e-10 1.8022416e-10 1.3210284e-09 4.6077946e-09 4.0810775e-08 2.9337557e-06
12 7.474799e-05 0.23975377 0.038499467 0.00010943897 0.00010971133 2.5064478e-06 9.642918e-07 2.7718147e-07 1.8884614e-07 5.236666e-07 4.6828515e-07 1.0088879e-06 8.720668e-06 1.8303097e-05 7.212831e-05 0.00033052918 0.0006351848 0.0030257143 0.005071515 0.018756658 0.02184548 0.003728546 0.00080802373 0.00047946486
13 0.18875568 0.055526923 0.014743084 0.00174668 0.00010273314 4.2549727e-06 1.396329e-06 8.5624197e-07 1.6805873e-07 2.2136348e-08 3.5525943e-08 3.866291e-08 3.4127595e-08 1.368944e-08 1.3607847e-09 3.496355e-08 1.1408882e-08 2.0365493e-07 1.3576828e-06 6.9941016e-06 0.0003520881 0.0011745903 0.018263208 0.052652955
14 0.000108539156 0.00023756763 0.00020869878 0.00042091717 0.009466041 0.012487838 0.05805954 0.07263114 0.13140827 0.036291353 0.0063187312 0.0028758417 0.00062893715 0.0011965774 0.00077107054 5.3402968e-05 0.00013218468 1.3843335e-05 3.917936e-06 1.0212151e-06 5.967485e-06 5.414083e-07 5.415989e-06 5.9900512e-06
15 0.0051535917 0.0143372435 0.05420008 0.015697561 0.0076521626 0.0023100525 0.0014878566 0.0009391034 0.0008715428 0.0013806007 0.0011763171 0.0008529245 0.001055243 0.002447925 0.0056094453 0.00897044 0.018679013 0.036947273 0.050245605 0.04173822 0.040231377 0.009698106 0.0061643324 0.0054873275
16 0.0027674919 0.0037813298 0.0058442424 0.0155217685 0.053824693 0.03923645 0.04683972 0.035472766 0.043494187 0.039062664 0.01858453 0.009576608 0.0034579984 0.0032541368 0.003681507 0.0014210222 0.0017220471 0.0008300063 0.000750262 0.0010548756 0.0008212153 0.00045422508 0.00095067266 0.0009289462
17 0.00016212315 0.0007276502 0.0944324 0.23478317 0.0031411308 2.2624203e-05 1.6150727e-06 4.2929133e-07 1.6932313e-07 2.0420006e-07 3.2817786e-07 1.2002046e-07 9.939619e-09 1.7438577e-08 1.40749945e-08 2.2463691e-08 6.319067e-09 2.9216455e-08 1.52818e-07 1.670958e-07 1.6340789e-07 4.2655864e-07 7.978528e-06 5.2412644e-05
18 0.0014803193 0.24537832 0.08643811 2.6637947e-05 1.8509687e-07 1.2382325e-08 3.935396e-10 1.2248572e-09 2.0397667e-10 9.306016e-11 1.6801559e-09 4.035165e-09 4.5896237e-10 2.5678494e-11 1.1354458e-11 1.1758793e-10 5.2101773e-12 3.334381e-11 9.034877e-12 8.059895e-12 1.0451002e-08 7.6255084e-08 3.5288758e-07 9.306523e-06
19 5.765541e-07 1.8004263e-05 0.009585191 0.31918636 0.0045082644 3.2057385e-05 2.1490257e-06 9.565334e-08 3.972101e-08 1.02765505e-07 3.0973794e-07 1.3921105e-08 4.9871467e-09 3.4214054e-09 4.717665e-10 2.1904531e-10 1.3705277e-10 7.2310025e-10 7.081966e-09 1.2056618e-09 1.6582318e-09 3.851768e-09 2.6072467e-08 1.4703639e-07
20 0.2782045 0.051221617 0.00019324746 1.7617556e-06 6.4911234e-08 2.688687e-09 1.9075008e-10 3.3187547e-10 2.4580504e-11 1.1364822e-12 3.3805847e-11 3.4870905e-11 6.089601e-13 3.6875911e-13 4.99142e-14 6.1683964e-13 3.8925623e-14 3.6612315e-14 1.1788668e-13 4.526915e-13 2.0974307e-09 1.1181845e-07 2.0979836e-05 0.0036910863
21 0.00010322997 0.30484653 0.028382514 6.5652955e-07 5.8811493e-09 5.8050986e-10 5.8822815e-11 2.9001948e-10 5.7318768e-11 3.648563e-11 7.858123e-10 1.8996273e-09 1.2946672e-10 4.4218284e-12 3.7497446e-11 1.451311e-10 3.8351392e-12 1.5402348e-12 2.2993944e-12 2.3313794e-13 8.2628224e-11 2.2231249e-10 1.927755e-09 4.3426675e-07
22 6.2417434e-06 0.0023167017 0.31540298 0.015574897 3.1685322e-05 1.2372976e-07 3.7087858e-08 8.689549e-09 1.16241665e-08 1.985873e-08 5.6803326e-09 1.5037434e-09 2.0752058e-09 6.567619e-10 2.9685004e-10 1.8373774e-09 4.4027235e-09 1.4844957e-08 4.1369987e-08 1.0084039e-08 9.708718e-09 1.825743e-08 7.4935755e-08 4.6383417e-07
23 0.0031087138 0.2450375 0.08470436 0.00037600007 3.0425344e-05 7.17471e-06 2.5912184e-06 3.0540277e-06 7.872885e-07 3.602176e-07 8.7391095e-07 2.4820388e-06 5.7536585e-07 1.1689045e-07 4.415216e-08 1.01002485e-07 1.9471159e-08 3.3152908e-08 3.243374e-08 1.0824683e-08 2.897474e-07 1.616602e-06 3.6589645e-06 5.2531388e-05
