1 0.0023064064 0.0003238715 4.295367e-05 4.0034625e-05 4.826393e-05 0.0003348433 0.021656595 0.0099880565 0.015960433 0.0058835065 0.0010988832 5.9455226e-05 6.4265594e-05 4.360341e-05 4.7877e-05 0.00024783562 5.5116398e-05 0.0002254527 0.00041973515 0.0005342458 0.0032968526 0.03350513 0.18125525 0.055894695
2 0.0015849546 0.00020600882 1.079669e-05 2.8949921e-06 5.878178e-07 5.6237707e-07 5.675915e-07 4.1338326e-06 1.6638376e-06 1.2106334e-06 3.7147834e-06 4.1436306e-06 3.0235974e-06 1.690564e-06 3.4702177e-06 1.1881573e-05 8.830738e-06 3.0996845e-05 2.931142e-05 2.025269e-05 0.00013623238 0.0026169298 0.13771038 0.19093911
3 0.0026318482 1.7220847e-05 1.6843405e-06 2.622752e-07 1.5064592e-07 4.4939625e-08 1.2058916e-08 4.308238e-08 5.229259e-08 2.5275213e-08 1.4939765e-08 1.4129434e-08 2.4995113e-09 1.5416127e-08 1.3640302e-08 4.9681375e-08 9.169401e-09 3.6602835e-08 1.9267671e-07 5.42483e-07 1.3246121e-06 5.151934e-05 0.0144235715 0.3162047
4 1.466779e-05 3.4190297e-08 2.075323e-09 2.9132904e-10 3.224286e-10 7.353e-10 1.0323866e-09 6.492175e-10 6.411726e-10 6.8840345e-10 9.024892e-10 4.0758202e-10 7.8802756e-11 3.9431482e-11 3.1781344e-10 4.1445807e-09 1.6969253e-09 1.9887704e-08 4.6688044e-08 2.82511e-07 1.0823425e-05 0.0019747627 0.25844106 0.07289165
5 0.00090103335 6.0456046e-07 2.1674868e-08 2.9467166e-09 8.0142126e-10 4.796622e-10 1.289419e-10 6.536169e-10 1.5319461e-10 1.5563836e-10 1.9783987e-11 8.982328e-12 2.6686785e-11 2.9514467e-11 1.2802266e-10 2.398034e-10 1.2108253e-10 7.141734e-10 6.434344e-10 2.149867e-09 4.5159e-08 7.5095318e-06 0.024324197 0.30809993
6 0.04703411 0.0016018576 9.2918825e-05 1.0379861e-06 1.2964417e-08 2.0271973e-09 7.276747e-11 9.120758e-11 3.4447917e-11 1.910017e-11 6.541338e-13 6.662672e-12 5.0111887e-11 1.5126098e-11 1.2478e-11 9.252517e-12 5.262e-12 4.9762135e-11 2.369554e-10 6.811282e-10 1.2841642e-08 1.9432441e-06 0.0065885624 0.2780129
7 0.001660954 6.3400053e-06 3.498866e-07 1.3221116e-07 3.921126e-08 7.4950755e-08 3.053652e-08 5.9154786e-08 7.631345e-09 1.4979076e-09 1.3870037e-10 1.5437779e-10 1.3604395e-10 3.6702494e-10 1.1619103e-09 7.0202555e-10 1.0593983e-09 8.263308e-09 9.596841e-09 5.0118324e-08 6.972115e-07 7.646841e-05 0.042412102 0.28917602
8 0.02711129 0.00055482716 2.4266314e-05 1.0175287e-06 4.9966083e-08 3.5310306e-09 3.259117e-10 4.534154e-10 9.7127105e-11 5.335906e-11 1.5282066e-11 6.8970135e-11 4.635763e-10 2.6480018e-10 1.7337448e-10 1.7367661e-10 2.4500327e-10 4.264962e-09 1.2180882e-08 4.518637e-08 3.1883482e-07 5.5922046e-06 0.002732052 0.3029039
9 0.024489742 0.0013405536 0.00021033041 1.9951865e-05 1.7263523e-06 1.0766533e-07 1.016296e-07 9.208169e-08 8.2172456e-09 5.973308e-09 3.2313245e-08 6.3483796e-08 5.887129e-08 5.35345e-08 1.4270783e-07 2.1826693e-06 3.3061433e-06 2.0438716e-05 9.545308e-05 0.00034854293 0.0058679315 0.0075188717 0.022492943 0.2709207
10 8.029232e-06 2.6414255e-09 1.8353236e-10 1.5576837e-11 3.424016e-11 8.441344e-11 1.5393868e-10 6.186136e-11 1.5078636e-10 1.253684e-10 2.831672e-10 1.1648538e-10 7.652641e-12 1.14877136e-11 4.5046643e-11 1.6760245e-09 7.396283e-10 1.3354984e-08 5.1687067e-08 5.4170823e-07 2.6245893e-05 0.003394585 0.28514123 0.044762667
11 0.00019413109 1.3021284e-07 1.1058162e-09 1.2120668e-10 1.6071124e-11 1.2796091e-11 2.9677907e-12 2.366821e-11 2.0493292e-12 5.1201003e-13 1.584988e-13 1.3048663e-13 1.0167661e-13 2.4816076e-13 1.0622246e-12 2.4655777e-12 2.599501e-12 2.1475231e-11 4.566777e-11 1.7646827e-10 5.4583182e-09 3.4396985e-06 0.040848505 0.29228717
12 0.0030857236 0.0001742552 2.1399353e-05 1.919242e-06 7.684698e-07 5.515726e-07 3.405914e-07 3.9642654e-07 1.9221623e-08 1.1425952e-08 2.403007e-08 7.21104e-08 2.4185649e-08 6.5332553e-09 2.0812022e-08 7.081693e-08 1.5227094e-07 2.3277514e-06 4.26238e-06 2.4152821e-05 6.4371554e-05 0.0005389176 0.2566077 0.07280588
13 0.07002683 0.00595731 0.0008450827 5.7093835e-05 2.658865e-06 4.9622366e-07 7.3533116e-08 2.0381616e-08 6.3917405e-10 1.9334238e-10 1.7790824e-10 5.109825e-10 1.2091168e-09 4.5928258e-10 7.330151e-10 3.4895198e-09 5.2805027e-09 8.621182e-08 2.654238e-07 1.1274468e-06 1.4694684e-05 0.00012722731 0.0142180575 0.24208233
14 0.00036142324 0.00011937631 6.341738e-05 0.00021896737 0.00027024758 0.0008199017 0.00021194824 0.00060620566 0.0006329705 0.0038046136 0.007450412 0.006621941 0.004630696 0.0061478578 0.025686225 0.019636557 0.039760806 0.080286376 0.08487049 0.041897282 0.006773948 0.0014726117 0.00053584063 0.0004532273
15 0.039697558 0.011861804 0.0066557913 0.0042691017 0.0032799204 0.0029137712 0.0016327276 0.0025920146 0.0017358277 0.0016378805 0.0013797074 0.0012703971 0.00074562634 0.0007414649 0.0015062329 0.0016277097 0.0012649553 0.0030225997 0.004824107 0.011863565 0.011295445 0.023088306 0.0759308 0.11849602
16 0.01076148 0.013256803 0.012869826 0.023506066 0.018621437 0.013813844 0.004449286 0.0028148498 0.0035294162 0.0035977464 0.0052351523 0.005350092 0.008535665 0.009466015 0.00994141 0.019338204 0.0275172 0.03115663 0.04543401 0.022558382 0.020162992 0.0084655825 0.0043205293 0.0086307265
17 0.0061032055 0.0022219724 0.005336549 0.008617835 0.015294103 0.052511495 0.018292751 0.0012118865 0.00015428444 7.2602794e-05 3.5098833e-06 1.3904372e-06 1.8690737e-06 1.914445e-06 2.2492145e-06 2.792738e-06 2.5380555e-06 8.762001e-06 7.866674e-06 6.5143744e-05 0.0002469899 0.007389903 0.11049803 0.1052837
18 0.00023977284 1.8406874e-06 8.526932e-09 3.7584166e-10 3.0412554e-11 1.1886282e-11 1.9934094e-11 1.8160422e-10 3.43937e-11 2.7978165e-11 1.745437e-10 1.4133322e-10 2.3012604e-11 1.1669303e-11 4.297148e-11 2.7769609e-09 1.4621871e-09 3.2348375e-08 3.6938026e-08 8.249784e-08 3.2534833e-06 0.00051537424 0.20501737 0.12755558
19 0.013613567 0.00015848562 8.087619e-06 6.055975e-07 8.9839766e-08 3.4330537e-08 6.2441536e-09 4.3862074e-09 3.9446877e-09 1.1149394e-09 5.9982036e-10 2.423332e-09 1.6907592e-08 8.601957e-09 5.1709215e-09 3.400532e-09 1.8603646e-09 2.312189e-08 5.759407e-08 1.556096e-07 6.9666334e-07 4.657902e-05 0.018938882 0.30056605
20 0.00013363082 6.665629e-07 2.9203509e-08 7.2413553e-10 6.189365e-11 3.0238255e-12 3.7519345e-12 8.269885e-11 3.2806624e-13 1.7923747e-13 6.6477824e-13 2.7033775e-12 3.7720733e-13 3.56471e-13 1.33319605e-11 6.579999e-10 3.5056373e-09 3.1670467e-08 8.214346e-08 8.1109664e-07 0.00029037904 0.009875506 0.292504 0.030528203
21 1.958702e-05 1.4107252e-07 6.8421413e-10 2.6998874e-11 1.2217552e-12 4.878014e-13 6.004834e-13 4.9288497e-11 4.1433775e-12 1.893181e-12 3.4649065e-11 9.9259295e-11 2.03163e-11 2.7245062e-12 5.1888847e-11 1.7684776e-09 1.3571544e-09 2.2043904e-08 4.4476266e-08 5.1351996e-08 1.929016e-06 0.00029800477 0.24113213 0.09188144
22 0.005500149 9.106521e-06 2.3697702e-07 2.8565978e-08 1.0526058e-08 4.1568144e-09 3.989078e-10 1.9719568e-09 2.0934923e-09 5.387829e-10 7.350158e-11 6.1498924e-11 2.967165e-11 2.3301058e-10 1.0895237e-10 1.9481676e-10 4.9981817e-11 2.8871727e-10 1.5849005e-09 2.9459473e-09 1.4979243e-08 1.6555666e-06 0.0020483711 0.32577378
23 0.0039705765 7.644163e-05 2.695223e-06 4.5936426e-07 1.18941074e-07 3.0830957e-08 2.3689676e-08 1.1485923e-07 4.7174503e-08 2.353924e-08 7.529038e-08 3.0534366e-08 2.6620096e-08 2.2136517e-08 4.6067562e-08 4.2163728e-07 3.0295845e-07 2.165727e-06 4.314993e-06 7.051725e-06 7.856397e-05 0.0017497267 0.10167885 0.22576122
