23
0.000000000e+00 0.000000000e+00 0.000000000e+00 0.000000000e+00 2.361696579e-07 2.469971206e-07 1.869500441e-07 7.468553281e-09 1.476120342e-07 5.149609259e-09 1.357532855e-09 5.152666791e-09 7.648663515e-10 3.765410713e-09 1.241357782e-09 7.489499075e-10 1.378420244e-09 4.544510796e-08 2.166145834e-09 1.053745980e-07 8.772449809e-07 2.683538469e-08 8.949844418e-01 
0.000000000e+00 0.000000000e+00 0.000000000e+00 0.000000000e+00 0.000000000e+00 4.692951469e-04 1.318443779e-08 6.181976208e-05 2.597183142e-09 4.957658103e-08 1.368583615e-07 2.865897423e-09 3.030132108e-06 1.656245240e-10 2.501651888e-09 2.112827416e-09 1.027013311e-05 1.343439372e-09 2.604101403e-05 8.966998097e-06 2.887866451e-09 9.177552191e-01 1.141768264e-07 
0.000000000e+00 0.000000000e+00 0.000000000e+00 0.000000000e+00 0.000000000e+00 0.000000000e+00 1.425235591e-04 1.942541960e-09 8.117650723e-05 1.407043317e-05 5.749300955e-08 7.869227728e-06 1.983127664e-10 4.569994552e-06 5.279588371e-06 1.268587292e-05 4.270047606e-10 3.610621366e-05 2.922984365e-09 4.149827033e-09 9.716684281e-01 2.167288982e-08 9.490698322e-08 
0.000000000e+00 0.000000000e+00 0.000000000e+00 0.000000000e+00 0.000000000e+00 0.000000000e+00 0.000000000e+00 1.128358563e-04 1.048331971e-07 2.533845971e-08 7.139231828e-08 9.413680755e-08 9.310871856e-06 2.545983658e-07 8.224455149e-08 4.333270411e-08 4.105765530e-05 3.042854627e-06 1.802036438e-05 9.369446644e-01 1.200959128e-07 1.798516812e-05 6.851880098e-07 
2.361696579e-07 0.000000000e+00 0.000000000e+00 0.000000000e+00 0.000000000e+00 0.000000000e+00 0.000000000e+00 0.000000000e+00 3.947994860e-08 3.358777238e-08 9.260964873e-07 6.463537529e-08 9.062537830e-05 9.447006957e-09 6.715185275e-06 1.152270984e-06 5.283559441e-04 1.007496018e-07 9.657855461e-01 1.079026332e-04 1.876042402e-08 6.386696492e-04 3.307830312e-07 
2.469971206e-07 4.692951469e-04 0.000000000e+00 0.000000000e+00 0.000000000e+00 0.000000000e+00 0.000000000e+00 0.000000000e+00 0.000000000e+00 5.139325860e-04 2.498736584e-07 5.664170647e-05 1.760624529e-08 2.412466500e-02 1.563120757e-03 5.821397115e-04 6.912713693e-08 9.281052247e-01 4.160567078e-08 1.881006145e-07 7.401283755e-04 5.004282244e-08 5.648103463e-05 
1.869500441e-07 1.318443779e-08 1.425235591e-04 0.000000000e+00 0.000000000e+00 0.000000000e+00 0.000000000e+00 0.000000000e+00 0.000000000e+00 0.000000000e+00 6.382251132e-07 1.598011730e-07 2.513984442e-02 2.958122379e-06 3.847261070e-04 1.907747194e-06 9.160281968e-01 2.961721215e-07 5.990243049e-04 6.452421291e-04 8.309808455e-09 1.378316002e-02 3.316902377e-08 
7.468553281e-09 6.181976208e-05 1.942541960e-09 1.128358563e-04 0.000000000e+00 0.000000000e+00 0.000000000e+00 0.000000000e+00 0.000000000e+00 0.000000000e+00 0.000000000e+00 1.138862674e-02 3.602752870e-07 3.349803123e-01 9.260815363e-03 4.145401819e-01 3.342434595e-08 9.474698892e-04 1.988732449e-07 1.037988921e-08 1.836675999e-02 1.243924935e-08 5.634406538e-08 
1.476120342e-07 2.597183142e-09 8.117650723e-05 1.048331971e-07 3.947994860e-08 0.000000000e+00 0.000000000e+00 0.000000000e+00 0.000000000e+00 0.000000000e+00 0.000000000e+00 0.000000000e+00 3.512999532e-01 5.889882513e-05 8.299147087e-04 7.355998382e-07 1.621587766e-03 3.750255869e-06 4.443594138e-05 1.962190722e-02 1.188629492e-08 1.324785122e-05 7.259208790e-08 
5.149609259e-09 4.957658103e-08 1.407043317e-05 2.533845971e-08 3.358777238e-08 5.139325860e-04 0.000000000e+00 0.000000000e+00 0.000000000e+00 0.000000000e+00 0.000000000e+00 0.000000000e+00 0.000000000e+00 1.125386237e-05 5.749219182e-06 4.040138268e-06 1.683569056e-03 2.344372537e-07 1.969408213e-02 1.064870341e-05 5.907897150e-09 1.368270639e-05 7.458730468e-09 
1.357532855e-09 1.368583615e-07 5.749300955e-08 7.139231828e-08 9.260964873e-07 2.498736584e-07 6.382251132e-07 0.000000000e+00 0.000000000e+00 0.000000000e+00 0.000000000e+00 0.000000000e+00 0.000000000e+00 0.000000000e+00 6.349996004e-06 1.424801799e-03 5.413885695e-07 1.688735694e-02 1.308048239e-07 1.280072415e-08 9.610086879e-08 1.152237168e-08 1.386088413e-07 
5.152666791e-09 2.865897423e-09 7.869227728e-06 9.413680755e-08 6.463537529e-08 5.664170647e-05 1.598011730e-07 1.138862674e-02 0.000000000e+00 0.000000000e+00 0.000000000e+00 0.000000000e+00 0.000000000e+00 0.000000000e+00 0.000000000e+00 3.392649064e-06 7.787093319e-03 5.252721957e-07 3.266091893e-06 4.057176772e-07 2.274226466e-09 1.051607289e-04 2.071992767e-09 
7.648663515e-10 3.030132108e-06 1.983127664e-10 9.310871856e-06 9.062537830e-05 1.760624529e-08 2.513984442e-02 3.602752870e-07 3.512999532e-01 0.000000000e+00 0.000000000e+00 0.000000000e+00 0.000000000e+00 0.000000000e+00 0.000000000e+00 0.000000000e+00 8.731022552e-08 2.835337886e-05 2.541577475e-09 1.016492207e-08 1.020271369e-03 1.597398922e-09 4.136034492e-09 
3.765410713e-09 1.656245240e-10 4.569994552e-06 2.545983658e-07 9.447006957e-09 2.412466500e-02 2.958122379e-06 3.349803123e-01 5.889882513e-05 1.125386237e-05 0.000000000e+00 0.000000000e+00 0.000000000e+00 0.000000000e+00 0.000000000e+00 0.000000000e+00 0.000000000e+00 1.596129038e-07 6.454732605e-05 1.355946028e-03 1.477103697e-08 1.136793564e-06 5.296418673e-09 
1.241357782e-09 2.501651888e-09 5.279588371e-06 8.224455149e-08 6.715185275e-06 1.563120757e-03 3.847261070e-04 9.260815363e-03 8.299147087e-04 5.749219182e-06 6.349996004e-06 0.000000000e+00 0.000000000e+00 0.000000000e+00 0.000000000e+00 0.000000000e+00 0.000000000e+00 0.000000000e+00 1.571134117e-03 6.691571803e-05 1.340460522e-08 4.476259989e-06 1.613039580e-08 
7.489499075e-10 2.112827416e-09 1.268587292e-05 4.333270411e-08 1.152270984e-06 5.821397115e-04 1.907747194e-06 4.145401819e-01 7.355998382e-07 4.040138268e-06 1.424801799e-03 3.392649064e-06 0.000000000e+00 0.000000000e+00 0.000000000e+00 0.000000000e+00 0.000000000e+00 0.000000000e+00 0.000000000e+00 5.244384334e-06 8.223774133e-09 3.016901575e-06 1.409007342e-09 
1.378420244e-09 1.027013311e-05 4.270047606e-10 4.105765530e-05 5.283559441e-04 6.912713693e-08 9.160281968e-01 3.342434595e-08 1.621587766e-03 1.683569056e-03 5.413885695e-07 7.787093319e-03 8.731022552e-08 0.000000000e+00 0.000000000e+00 0.000000000e+00 0.000000000e+00 0.000000000e+00 0.000000000e+00 0.000000000e+00 1.437604722e-05 2.953502870e-09 2.230396849e-09 
4.544510796e-08 1.343439372e-09 3.610621366e-05 3.042854627e-06 1.007496018e-07 9.281052247e-01 2.961721215e-07 9.474698892e-04 3.750255869e-06 2.344372537e-07 1.688735694e-02 5.252721957e-07 2.835337886e-05 1.596129038e-07 0.000000000e+00 0.000000000e+00 0.000000000e+00 0.000000000e+00 0.000000000e+00 0.000000000e+00 0.000000000e+00 2.557764359e-07 9.628519255e-10 
2.166145834e-09 2.604101403e-05 2.922984365e-09 1.802036438e-05 9.657855461e-01 4.160567078e-08 5.990243049e-04 1.988732449e-07 4.443594138e-05 1.969408213e-02 1.308048239e-07 3.266091893e-06 2.541577475e-09 6.454732605e-05 1.571134117e-03 0.000000000e+00 0.000000000e+00 0.000000000e+00 0.000000000e+00 0.000000000e+00 0.000000000e+00 0.000000000e+00 2.370116028e-09 
1.053745980e-07 8.966998097e-06 4.149827033e-09 9.369446644e-01 1.079026332e-04 1.881006145e-07 6.452421291e-04 1.037988921e-08 1.962190722e-02 1.064870341e-05 1.280072415e-08 4.057176772e-07 1.016492207e-08 1.355946028e-03 6.691571803e-05 5.244384334e-06 0.000000000e+00 0.000000000e+00 0.000000000e+00 0.000000000e+00 0.000000000e+00 0.000000000e+00 0.000000000e+00 
8.772449809e-07 2.887866451e-09 9.716684281e-01 1.200959128e-07 1.876042402e-08 7.401283755e-04 8.309808455e-09 1.836675999e-02 1.188629492e-08 5.907897150e-09 9.610086879e-08 2.274226466e-09 1.020271369e-03 1.477103697e-08 1.340460522e-08 8.223774133e-09 1.437604722e-05 0.000000000e+00 0.000000000e+00 0.000000000e+00 0.000000000e+00 0.000000000e+00 0.000000000e+00 
2.683538469e-08 9.177552191e-01 2.167288982e-08 1.798516812e-05 6.386696492e-04 5.004282244e-08 1.378316002e-02 1.243924935e-08 1.324785122e-05 1.368270639e-05 1.152237168e-08 1.051607289e-04 1.597398922e-09 1.136793564e-06 4.476259989e-06 3.016901575e-06 2.953502870e-09 2.557764359e-07 0.000000000e+00 0.000000000e+00 0.000000000e+00 0.000000000e+00 0.000000000e+00 
8.949844418e-01 1.141768264e-07 9.490698322e-08 6.851880098e-07 3.307830312e-07 5.648103463e-05 3.316902377e-08 5.634406538e-08 7.259208790e-08 7.458730468e-09 1.386088413e-07 2.071992767e-09 4.136034492e-09 5.296418673e-09 1.613039580e-08 1.409007342e-09 2.230396849e-09 9.628519255e-10 2.370116028e-09 0.000000000e+00 0.000000000e+00 0.000000000e+00 0.000000000e+00 

1.050136564e-01 8.166502943e-02 2.802710675e-02 6.285160162e-02 3.283927315e-02 4.378750760e-02 4.327108100e-02 2.103404971e-01 6.264240131e-01 9.780486097e-01 9.816784787e-01 9.806466876e-01 6.224081266e-01 6.393952641e-01 9.862946875e-01 5.834206452e-01 7.228475505e-02 5.398707598e-02 1.219352134e-02 4.123182505e-02 8.188856215e-03 6.766386197e-02 1.049575093e-01 
