1 0.0062675895 0.00070657785 0.00012394362 0.00017381627 0.00019794381 0.00015690224 0.0008811808 0.0031445147 0.0028077858 0.001780391 0.0022895806 0.00016958528 0.00014447625 5.955081e-05 0.00016871546 0.0028790438 0.00048260472 0.0022763805 0.004956646 0.0209029 0.034820348 0.23060903 0.5980394 0.0859611
2 0.0017702021 1.024566e-05 2.780091e-07 1.9106096e-08 5.4772284e-09 5.544788e-10 9.096437e-11 1.5815215e-09 3.584217e-11 1.9891913e-11 6.737359e-11 2.3749173e-11 1.3483364e-11 4.7384614e-12 2.7002203e-11 8.97329e-10 3.207044e-10 8.375326e-09 4.1394848e-09 8.50121e-09 2.4344303e-07 3.1655443e-05 0.15144676 0.8467406
3 0.00044088007 7.017573e-08 2.1570559e-09 2.9210515e-10 9.222459e-11 1.460217e-10 3.802891e-11 1.6188059e-10 3.9281436e-11 1.9334274e-11 1.7267896e-12 1.2844694e-12 2.5753874e-12 4.253739e-12 2.0813308e-11 1.7565081e-11 8.839015e-12 6.3716525e-11 1.7039141e-10 4.2700943e-10 5.2680935e-09 3.343155e-06 0.017637566 0.9819181
4 1.4502901e-06 5.6493826e-10 7.7725236e-11 2.2091651e-12 2.1426077e-12 1.0107872e-11 1.3636806e-11 1.7128575e-11 6.9711095e-12 5.2399265e-12 1.7668443e-11 1.4464777e-11 1.5528e-12 2.5323436e-13 7.488118e-12 2.0133292e-10 8.229424e-11 3.5564172e-09 7.843422e-09 5.7792796e-08 1.6895995e-06 0.0015277595 0.9521321 0.04633701
5 0.00073187693 1.9234379e-07 5.1877613e-09 3.2706793e-10 5.777894e-11 3.7541865e-11 3.807366e-12 3.495724e-11 1.8852736e-12 7.4918533e-13 1.0974244e-13 1.622488e-13 1.822485e-13 1.7499412e-13 1.1831913e-12 1.0935479e-12 6.0177904e-13 2.215858e-11 2.6869503e-11 1.5688964e-10 1.1976853e-09 5.01066e-07 0.009171864 0.99009556
6 0.004581635 2.963608e-06 2.5337033e-07 2.1941517e-08 2.398469e-09 2.5473754e-09 2.2083922e-10 5.6182226e-10 1.1204902e-10 3.844418e-11 1.028719e-12 2.7561417e-12 4.4305436e-12 6.290706e-12 3.8335952e-11 8.65334e-12 3.6159806e-12 4.178038e-11 1.541878e-10 1.0700626e-09 1.1829597e-08 6.4013525e-06 0.04458768 0.9508211
7 0.00046138046 9.4060894e-08 2.7690819e-09 2.9829772e-10 5.2332715e-11 3.7393713e-11 7.818087e-12 6.147262e-11 9.502462e-12 5.387339e-12 4.197792e-12 2.447366e-12 2.2444598e-12 1.1701924e-12 6.3894875e-12 2.4767546e-11 9.599767e-12 1.3475852e-10 2.505726e-10 7.5346385e-10 6.257311e-09 1.8326571e-06 0.01137116 0.98816556
8 0.0031513078 8.765598e-07 3.3182644e-08 5.1564877e-09 4.815408e-10 2.2142602e-10 2.2549487e-11 1.1858353e-10 1.8562856e-11 7.301205e-12 6.987932e-13 6.1352475e-13 1.5354921e-12 1.7833729e-12 7.133955e-12 5.389262e-12 2.0875944e-12 2.046651e-11 7.799923e-11 3.2352965e-10 2.3108724e-09 4.0389043e-07 0.0019358345 0.99491155
9 0.008372291 1.8250475e-05 1.8909398e-07 5.7917413e-09 3.181313e-10 1.02789955e-11 1.132749e-12 5.1067982e-12 6.402462e-14 3.3179412e-14 1.12840726e-13 5.260257e-14 1.5726239e-13 8.8475505e-14 2.6576248e-13 6.703204e-12 8.2260015e-12 6.166687e-10 1.8056517e-10 6.147396e-10 2.7300699e-08 4.1325143e-06 0.033403076 0.95820206
10 1.5077793e-06 6.6836554e-12 1.034277e-12 3.5320373e-14 2.0020498e-14 2.2478322e-13 3.168016e-13 3.828391e-13 2.7847353e-13 3.9071177e-13 1.9954015e-13 1.399341e-13 5.562187e-15 1.7102266e-15 1.6584145e-13 9.983441e-13 2.3175092e-13 2.306589e-11 1.3979323e-10 5.066436e-09 6.859209e-07 0.0015610954 0.85115546 0.14728135
11 7.0664304e-05 1.2248339e-09 3.0722744e-11 1.4093047e-12 1.8432746e-13 3.482301e-13 4.276257e-14 3.3139973e-13 2.1644672e-14 1.2623739e-14 9.236672e-16 1.3069701e-15 4.3948458e-16 2.1182931e-16 1.1323601e-14 6.903567e-15 1.5497941e-15 2.2421511e-13 6.14123e-13 1.0325492e-11 7.8654805e-11 2.4776693e-07 0.019594567 0.9803345
12 1.42671e-06 1.1106488e-09 1.1001466e-11 1.3262454e-13 8.5509555e-14 1.018226e-13 1.4056897e-13 2.7638197e-13 1.0764527e-13 8.404239e-14 1.846409e-12 6.6748755e-13 7.7321816e-14 1.5733132e-14 1.6362528e-13 5.5628165e-11 2.1101412e-11 1.7428408e-09 1.8212262e-09 8.917299e-09 1.4372624e-06 0.0006214196 0.8973958 0.10197994
13 0.013929736 0.00015214784 7.719291e-06 3.3796255e-07 5.0343143e-08 1.5728574e-08 1.5027282e-09 3.3721113e-09 2.0185217e-10 6.2030985e-11 4.7167766e-11 1.8768752e-10 2.6194477e-10 1.3960746e-10 5.544509e-10 3.2084075e-09 3.778995e-09 4.4673282e-08 4.6767077e-08 1.4296972e-07 2.3903665e-06 9.2340655e-05 0.046583354 0.93923175
14 6.889499e-05 4.7641188e-05 5.2322877e-05 3.741017e-05 5.3281656e-05 1.563874e-05 1.1742797e-05 2.8622502e-05 1.3280386e-05 0.00014415402 0.00046279593 0.0015392636 0.004631168 0.005687353 0.012846018 0.050246906 0.2123029 0.44800413 0.24624217 0.0142778335 0.0029922675 0.0002451875 1.5612253e-05 3.3426153e-05
15 0.07515401 0.017632117 0.010761568 0.019373111 0.014928522 0.01877914 0.01095552 0.010459836 0.005533994 0.004282086 0.0025273133 0.0017275366 0.0019063124 0.0005449524 0.0022522823 0.007915855 0.010226319 0.015030573 0.014813231 0.040984936 0.036325835 0.119011685 0.37171805 0.18715529
16 0.2963937 0.29469794 0.13141143 0.03132114 0.011522796 0.0031333135 0.0007897417 0.0005071141 0.0003052682 0.00048739483 0.00043866766 0.0015416171 0.0026168353 0.0035067599 0.004416035 0.004966811 0.0070534623 0.011596248 0.052993353 0.03575132 0.03417647 0.0100965565 0.010301255 0.049974885
17 0.016675707 0.003026788 0.002580116 0.0011805757 0.0049113976 0.012433214 0.03386539 0.014902471 0.0038951985 0.0024131173 0.00042339924 0.0001596678 0.00015648092 0.00011926481 0.000420056 0.00031815813 0.00029408844 0.0015367819 0.00077059696 0.0027251914 0.010880659 0.16198859 0.64503145 0.079291746
18 3.0770098e-05 2.5143757e-07 8.460734e-09 2.8245767e-10 1.7797724e-10 1.2775347e-10 8.460417e-11 3.1091446e-10 3.4823037e-11 1.7135762e-11 4.433028e-10 1.5511897e-10 3.7480526e-11 4.5905e-12 3.1150492e-11 5.735312e-09 1.9868756e-09 1.3616915e-07 1.3336621e-07 7.8916696e-07 2.959048e-05 0.005229085 0.86458254 0.13012674
19 0.058689114 1.1469702e-05 8.935896e-08 2.0622228e-09 5.686172e-11 1.1976822e-11 1.1328036e-12 1.3322878e-12 1.8261618e-13 1.3483983e-13 1.6685722e-14 1.9790005e-13 4.3741595e-13 3.4717964e-13 2.4538086e-12 1.3525528e-12 7.6235784e-13 4.0776458e-12 6.29064e-11 4.385131e-10 1.1187948e-08 4.024997e-06 0.00752075 0.9337746
20 0.00040187335 1.6273757e-06 5.9085238e-08 3.6269715e-10 3.237826e-11 1.154348e-11 8.1399373e-13 9.372106e-14 1.7689881e-15 3.4274082e-16 5.8690055e-16 1.31057884e-14 1.20093034e-14 1.5154086e-15 8.234011e-14 1.243193e-11 4.0963295e-11 2.2316653e-09 4.532831e-09 8.525091e-08 3.5895395e-05 0.010808828 0.90334 0.08541161
21 5.9020362e-08 1.2893306e-11 4.2886907e-13 5.627017e-15 4.994001e-15 1.7851948e-14 2.6880562e-14 8.702134e-14 2.9369865e-14 1.9848235e-14 4.1671565e-13 1.60875e-13 1.0235282e-14 8.22701e-16 1.7100968e-14 4.3145106e-12 8.3775283e-13 1.1692063e-10 1.7628252e-10 9.739696e-10 9.813037e-08 0.0001759727 0.97049165 0.029332226
22 0.016251607 5.275933e-06 3.5061884e-08 4.628337e-09 2.9529285e-10 1.6510013e-10 2.751821e-11 1.5093449e-10 2.8995594e-11 1.4504609e-11 1.3202731e-12 1.2954862e-12 2.486522e-12 3.9300134e-12 1.638508e-11 1.25491275e-11 5.567144e-12 4.1501462e-11 9.9990405e-11 2.7261757e-10 2.6220863e-09 1.1345014e-06 0.00729897 0.976443
23 0.0006416915 3.331487e-06 1.054436e-07 1.3683866e-08 3.5657388e-09 4.456507e-09 2.7005718e-09 8.151021e-09 2.7911953e-09 2.2509896e-09 5.6265934e-09 3.4657848e-09 1.530905e-09 5.896089e-10 2.5780325e-09 2.5827012e-08 1.2022928e-08 1.804962e-07 1.8101996e-07 5.6529973e-07 1.52218545e-05 0.0012379386 0.40041408 0.5976867
