1 0.0002275874 0.070319235 0.9260646 0.0033223927 3.0869698e-05 2.3535222e-06 4.7182206e-07 1.1817709e-07 1.0736385e-07 5.600533e-08 7.7229394e-08 1.4107144e-08 3.0277911e-09 6.4502537e-10 1.6778512e-09 4.6154804e-09 4.6819038e-09 3.499217e-08 4.228644e-08 1.3709792e-08 3.05866e-08 3.279136e-07 2.7343492e-06 2.8919494e-05
2 0.00019533063 0.96404576 0.035752058 5.132405e-06 1.421356e-07 1.1175695e-08 2.4199882e-09 1.2615895e-08 5.0089e-09 4.373304e-09 2.4086012e-07 1.2105584e-08 4.4114166e-09 8.0988416e-10 2.0430795e-10 6.079689e-09 9.046795e-09 2.7948325e-08 2.4554736e-09 1.6515216e-09 2.3980071e-08 4.8538607e-07 1.8898041e-07 5.269156e-07
3 7.579776e-07 0.0020866212 0.9934039 0.004504736 3.9474517e-06 8.440241e-09 7.2405315e-10 2.153176e-10 1.7309251e-10 1.4362782e-10 2.2334412e-10 2.6232534e-11 3.703849e-11 1.3660429e-11 4.63418e-12 2.2998409e-11 8.6700536e-11 1.3649333e-10 9.338188e-11 1.1970311e-10 3.4364372e-11 1.6826117e-10 6.184652e-10 1.2817948e-08
4 0.00010471365 0.20121948 0.798282 0.00038896728 3.6262495e-06 3.527561e-08 4.4656784e-10 1.6261875e-09 1.32238e-10 8.149547e-11 5.378541e-10 2.8654681e-10 2.665751e-10 6.098294e-11 2.2751553e-10 2.150216e-09 2.046682e-10 3.9686204e-10 3.479091e-11 4.8412618e-11 9.576287e-11 1.7014545e-10 2.5564844e-09 1.1606351e-06
5 5.017366e-05 0.025691396 0.9677588 0.006482446 1.4041467e-05 3.402984e-08 7.084915e-09 5.5216467e-09 3.810065e-09 7.842738e-09 5.1798963e-08 5.3019766e-09 2.0035824e-08 1.5868329e-08 7.078615e-09 9.527628e-08 4.2714655e-07 7.710722e-07 2.0290668e-07 3.070715e-07 1.5277482e-07 1.6027387e-07 1.6615505e-07 7.5744737e-07
6 3.991442e-06 0.0007580803 0.97793454 0.021264842 3.75528e-05 3.0825582e-08 3.682176e-09 1.5241253e-09 1.2312595e-09 1.7130397e-09 1.4127073e-09 1.8635214e-10 1.1317856e-09 5.462553e-10 2.975089e-10 1.8836745e-09 1.6556289e-08 8.933758e-08 1.922811e-07 1.6448115e-07 2.2013307e-08 2.1343126e-08 6.4376266e-08 3.1287277e-07
7 5.214811e-05 0.31104478 0.68871915 0.00018365777 2.7575953e-07 2.3217006e-09 4.888279e-10 3.587772e-10 2.322083e-10 1.4655357e-10 1.3834853e-09 1.5336758e-10 2.258026e-10 7.911413e-11 2.8243116e-11 2.0871913e-10 6.619289e-10 1.7277006e-09 8.8245355e-10 7.551672e-10 5.5397986e-10 2.6114488e-09 5.408082e-09 5.981943e-08
8 3.9955817e-06 0.0056077847 0.99273825 0.0016490007 8.6135185e-07 1.6991274e-09 4.2105752e-10 9.7234686e-11 9.572131e-11 6.0493104e-11 1.1653799e-10 9.081458e-12 2.4303087e-11 8.498359e-12 1.6117004e-12 1.6326222e-11 9.810921e-11 6.422837e-10 9.999103e-10 5.9529176e-10 4.0725162e-10 2.778839e-09 1.0092939e-08 6.716827e-08
9 0.00262551 0.99049395 0.0068705687 5.4457514e-06 2.068486e-07 4.2221423e-08 3.397361e-08 6.647157e-08 1.4996132e-08 4.07209e-09 1.2113636e-08 6.9850676e-09 1.880686e-09 4.3619325e-10 1.6957193e-11 7.1809864e-10 3.668429e-11 7.008125e-11 2.3846812e-11 5.8064678e-11 5.758725e-09 1.8416567e-07 2.9644568e-07 3.7163409e-06
10 7.219808e-08 0.000361386 0.9989265 0.00071177585 3.196792e-07 1.1395436e-10 1.2415419e-13 6.4069534e-13 1.2719072e-14 2.6825755e-14 8.181323e-14 1.6971105e-14 1.2185695e-13 3.30038e-14 1.7915129e-12 1.4800411e-11 5.0055997e-12 4.0136765e-11 7.7657976e-12 1.5996666e-12 7.342974e-14 5.1497445e-14 6.0560075e-13 2.6801537e-09
11 1.50972655e-05 0.006826408 0.9928918 0.00026657138 6.647957e-08 1.3375821e-11 1.1159927e-12 7.1628575e-13 2.0505849e-13 4.9165473e-13 1.6131315e-12 3.1490918e-13 2.3853868e-12 1.6069873e-12 4.207904e-12 2.2915922e-10 5.860492e-10 3.2916163e-09 7.615645e-10 6.2244765e-10 2.4195443e-10 6.8824424e-10 2.0316104e-09 1.6369842e-07
12 9.676893e-05 0.9438361 0.0560588 8.2883325e-06 1.6281004e-07 7.443826e-09 1.6795886e-10 2.9112266e-09 1.5410961e-10 2.030076e-11 5.990001e-10 2.2403483e-10 2.5127974e-11 2.437155e-12 4.0199056e-13 5.5646577e-12 6.030039e-14 2.8466968e-14 4.3628187e-16 1.5519918e-15 1.1639612e-13 8.84221e-13 1.7615426e-11 1.6105636e-08
13 0.6326783 0.32999727 0.016716521 0.00046343158 2.0672618e-05 8.605138e-07 4.7918616e-07 7.791642e-07 1.0236927e-07 3.9628056e-08 1.2903823e-07 1.0826331e-07 7.13365e-08 6.5744196e-08 8.406073e-09 1.5347086e-07 6.258879e-08 1.5932383e-07 9.141743e-08 6.253912e-07 1.271841e-05 8.1426515e-05 0.0012301328 0.018795859
14 2.5078232e-05 3.347575e-05 1.2725814e-05 4.122656e-05 0.00015343651 0.0007125181 0.017887183 0.10595354 0.46273613 0.2328537 0.15340166 0.021978136 0.0028355473 0.00049091526 0.00049203314 0.0001938215 0.0001792872 1.1263717e-05 1.7937031e-06 6.229519e-07 1.5543292e-06 5.6404883e-07 1.6971134e-06 2.2458803e-06
15 0.0009874789 0.0019338744 0.0015732434 0.0009341752 0.0019452058 0.0014496802 0.0007343813 0.00031498674 0.00017651454 0.00019651628 4.2560154e-05 0.0001303675 0.0006585444 0.010697253 0.098400325 0.009934217 0.054363117 0.10988724 0.12109854 0.21596822 0.26567096 0.078811586 0.01854554 0.005545496
16 0.012590702 0.024864342 0.032834094 0.11791055 0.20567906 0.064431325 0.1461651 0.12552898 0.13506088 0.06023709 0.00906072 0.006574302 0.0023050264 0.000733921 0.0004117207 0.0007709167 0.0029438622 0.0055920836 0.015413861 0.007690608 0.008789777 0.0037694536 0.0056421193 0.004999496
17 0.00010942339 0.00043396192 0.07456218 0.8665125 0.05733753 0.0008404318 4.224511e-05 3.4960522e-06 7.142228e-07 2.180083e-06 4.002677e-07 1.9311184e-07 1.0333811e-07 2.0703825e-07 6.887785e-07 3.614302e-07 9.650661e-07 4.599369e-07 6.284209e-07 4.4720778e-06 7.0849433e-06 4.4191293e-06 5.562364e-05 7.979947e-05
18 0.001213707 0.9932589 0.005525605 3.946654e-07 3.585444e-08 8.907421e-09 5.992114e-10 6.970863e-09 1.1486649e-09 3.473809e-10 1.3123616e-08 4.6652207e-09 9.965122e-10 1.9145922e-10 6.0692125e-11 9.593047e-10 3.6140577e-11 5.7703935e-11 2.2334096e-12 2.4740364e-12 1.8735268e-10 1.8274926e-09 1.1177098e-08 1.3588568e-06
19 2.1923729e-08 6.2954416e-07 0.0007847622 0.88027585 0.11882186 0.00011447063 2.4395126e-06 3.9330263e-08 2.3487732e-09 5.4367213e-09 2.1191033e-09 1.3660068e-10 3.44693e-10 7.898712e-11 3.7852104e-12 3.240124e-13 3.4176494e-12 4.314024e-12 3.2408076e-11 4.5246363e-12 1.3255698e-11 6.101279e-12 9.13305e-11 5.4469496e-10
20 0.8351923 0.002059644 1.353862e-05 7.0774865e-07 3.941172e-09 4.22581e-11 1.2484466e-12 1.7414338e-12 3.639296e-15 9.1176314e-17 3.994828e-17 5.8645845e-16 2.7029507e-16 4.0964628e-16 7.592765e-17 4.6708294e-15 3.239064e-17 4.4514197e-16 5.3178343e-16 1.9540954e-13 2.2364055e-10 3.0086667e-08 0.00011625469 0.16261746
21 1.614111e-05 0.9222593 0.077723786 7.7910363e-07 5.891541e-09 1.1483235e-10 1.0012993e-12 3.2801383e-11 7.1148767e-13 2.3691503e-13 9.884347e-12 6.5587934e-12 2.2409097e-12 1.8667069e-13 2.6445407e-13 1.1048231e-11 2.5886853e-13 4.452236e-13 8.2774025e-15 4.877866e-15 6.0319574e-14 2.1287464e-13 2.499407e-12 7.564413e-09
22 2.8669272e-06 0.0028272977 0.9399842 0.057130188 5.5324923e-05 7.473456e-08 1.5650324e-08 1.8610068e-09 1.7904365e-09 1.8174848e-09 1.280956e-09 1.7327131e-10 5.310172e-10 1.8885477e-10 3.5789784e-11 1.3252183e-10 9.553967e-10 1.8571114e-09 4.6096913e-09 3.4676642e-09 1.1810455e-09 2.7853044e-09 7.563636e-09 5.2421267e-08
23 0.0030558982 0.6927459 0.3037188 0.00044947473 1.3420885e-05 8.2013787e-07 1.6282553e-07 5.7626767e-07 4.3900752e-07 1.3603017e-07 1.2274239e-06 4.1337793e-07 1.5909805e-07 8.722992e-08 2.5465893e-08 1.487414e-07 6.849794e-08 1.0479368e-07 1.7455006e-08 1.407316e-08 4.7168015e-08 1.6708915e-07 3.8108143e-07 1.14159075e-05
