1 0.00013674106 0.0003427412 3.503465e-05 0.0001679792 0.00025558943 0.0019853907 0.12989835 0.059861884 0.095694214 0.03522872 0.006295761 0.00028434474 0.00033721828 0.00022801965 0.00021579658 0.00077960547 9.1972775e-05 0.0008502994 0.00051576213 0.00074365566 0.007852014 0.08738725 0.55742526 0.013386506
2 0.00020514103 6.585694e-07 1.0694599e-08 1.1680742e-09 1.4945455e-10 2.2016626e-09 1.334957e-08 2.8722957e-09 7.001128e-09 1.0922995e-08 1.7438128e-07 4.294884e-08 7.462399e-09 2.4760325e-09 1.2274267e-08 7.9913286e-07 2.9126394e-07 1.4144503e-06 3.810936e-06 1.5235832e-05 0.00029187184 0.008794676 0.5224393 0.46824658
3 0.0043704403 5.813899e-06 1.7298515e-07 2.9785621e-08 1.0036092e-08 7.837803e-09 1.5972046e-09 1.32669005e-08 2.9372238e-09 1.5788023e-09 1.9157287e-10 5.604818e-11 2.1834637e-10 2.6753247e-10 6.2582106e-10 8.431156e-10 5.1000826e-10 2.4276308e-09 3.227263e-09 1.15517755e-08 1.765378e-07 1.7536066e-05 0.02600139 0.96960443
4 9.649106e-06 2.5612868e-08 3.3488297e-09 3.2023556e-10 1.5024385e-10 2.1538724e-09 5.380796e-09 2.5294993e-09 2.7641116e-09 3.3296952e-09 4.6155444e-09 2.144008e-09 3.468061e-10 1.5339731e-10 1.2123624e-09 1.8637252e-08 5.450153e-09 6.950752e-08 1.4674762e-07 1.5215417e-06 5.9437814e-05 0.011183954 0.95643586 0.032309294
5 0.0037188865 3.2699334e-06 1.18408074e-07 1.744571e-08 4.601497e-09 2.773168e-09 7.6966455e-10 3.907076e-09 9.0843816e-10 9.311589e-10 1.1754683e-10 5.2787413e-11 1.5973375e-10 1.7580981e-10 7.583081e-10 1.4103612e-09 7.1948225e-10 4.2179145e-09 3.3420269e-09 1.1114052e-08 2.1625169e-07 1.9431047e-05 0.024028778 0.9722292
6 0.28144127 0.009610897 0.00055750785 6.2277404e-06 7.763469e-08 1.2110408e-08 4.3338297e-10 5.2420973e-10 1.7750444e-10 1.1001502e-10 3.3395604e-12 3.941692e-11 3.0056532e-10 8.885694e-11 7.2614276e-11 4.515094e-11 2.6632328e-11 2.208063e-10 1.1317605e-09 3.738661e-09 5.2707918e-08 7.108657e-06 0.011584732 0.69679224
7 0.0096264845 3.786138e-05 2.0946443e-06 7.9299656e-07 2.3511276e-07 4.4961337e-07 1.8320434e-07 3.548971e-07 4.5694243e-08 8.947821e-09 7.8229667e-10 9.1700975e-10 8.132093e-10 2.1947497e-09 6.9427593e-09 3.9439887e-09 6.316378e-09 4.822489e-08 5.143962e-08 2.950993e-07 4.060942e-06 0.00041662375 0.0627183 0.9271921
8 0.15530416 0.0033241191 0.00014552419 6.1017868e-06 2.9800768e-07 2.084195e-08 1.9315918e-09 2.676283e-09 4.7908133e-10 3.0556663e-10 8.8428154e-11 4.126558e-10 2.7811093e-09 1.5822045e-09 1.0356291e-09 1.0278456e-09 1.4624545e-09 2.5549628e-08 7.275706e-08 2.7045905e-07 1.9077431e-06 3.2442244e-05 0.0118451 0.82934
9 0.13542584 0.008027593 0.0012619472 0.00011971098 1.03580405e-05 6.4598424e-07 6.0977686e-07 5.524859e-07 4.9299835e-08 3.5839392e-08 1.9387907e-07 3.809027e-07 3.5322768e-07 3.2120676e-07 8.5624515e-07 1.3096011e-05 1.983686e-05 0.00012263228 0.00057271833 0.0020912576 0.035207585 0.04511205 0.12938248 0.6426289
10 9.929311e-07 6.601439e-10 1.3571419e-10 1.2488603e-11 8.711375e-12 2.0220431e-10 8.5686114e-10 2.1618943e-10 5.8547883e-10 6.0944066e-10 1.5730798e-09 6.053038e-10 3.5911503e-11 1.8100545e-11 2.3203325e-10 9.3885575e-09 4.1027883e-09 7.8525986e-08 2.9585541e-07 3.2146754e-06 0.00015596295 0.019371372 0.9702506 0.01021752
11 0.0005346331 2.7605356e-07 4.6135287e-09 6.887328e-10 9.01936e-11 7.409597e-11 1.7553702e-11 1.3909432e-10 1.1562459e-11 2.9131532e-12 8.6935895e-13 5.151299e-13 5.836207e-13 1.3982192e-12 5.7880627e-12 8.082635e-12 1.2503181e-11 9.35981e-11 7.9220686e-11 5.308357e-10 1.4047766e-08 5.0242725e-06 0.052274585 0.9471855
12 0.018508948 0.0010455291 0.0001283961 1.1515451e-05 4.610819e-06 3.3094357e-06 2.0435484e-06 2.3785585e-06 1.1532936e-07 6.855558e-08 1.4417952e-07 4.3266002e-07 1.4511366e-07 3.9199417e-08 1.2487149e-07 4.2488963e-07 9.136165e-07 1.3966133e-05 2.557363e-05 0.00014491608 0.00038612436 0.0030590468 0.69605917 0.2806021
13 0.35248828 0.034639742 0.005037484 0.00034223247 1.5948863e-05 2.9768066e-06 4.4117368e-07 1.2196139e-07 3.8314205e-09 1.1596453e-09 1.0672607e-09 3.0586296e-09 7.250782e-09 2.751122e-09 4.3759534e-09 2.0814914e-08 3.1259603e-08 5.1228767e-07 1.5681755e-06 6.6876287e-06 8.580157e-05 0.0006185679 0.03811437 0.5686452
14 9.946647e-05 2.7822578e-05 1.3026647e-05 0.00010365438 0.000106905296 9.2172406e-05 0.00021584271 0.0018990602 0.0027440102 0.019739985 0.03555929 0.024764877 0.018626254 0.028836653 0.13986348 0.07581109 0.1445295 0.26795375 0.1920281 0.040448595 0.006046865 0.00041090845 2.6393547e-05 5.229254e-05
15 0.12082277 0.032460213 0.015588398 0.008957413 0.006415609 0.005210311 0.0031809052 0.0041968673 0.0023979046 0.002455112 0.0016960477 0.0016935423 0.0021839505 0.0017856912 0.0025800837 0.0038869902 0.0038690688 0.005349783 0.0073313126 0.032203387 0.040817313 0.08759087 0.27930593 0.32802048
16 0.008540725 0.016894806 0.046886466 0.09824395 0.0941137 0.06284173 0.017277913 0.006644598 0.0052893665 0.010408492 0.014312994 0.019687042 0.033416867 0.03341372 0.037157957 0.07428802 0.109990925 0.088556975 0.122684106 0.0443592 0.030964006 0.01047825 0.005704451 0.007843727
17 0.017568963 0.012795388 0.031862795 0.05169093 0.09173804 0.31500083 0.10973595 0.0072553894 0.00092034595 0.000433705 2.0637628e-05 7.008074e-06 1.0237089e-05 1.0647013e-05 1.2945077e-05 1.5431131e-05 1.3921525e-05 4.9341597e-05 3.2942095e-05 0.0003437323 0.0010904041 0.031322177 0.19607875 0.13198951
18 0.0014269173 1.10133515e-05 5.0155474e-08 2.1109121e-09 1.3942873e-10 2.3551631e-11 7.493544e-11 6.956552e-10 1.406476e-11 1.0740856e-11 4.1106385e-10 3.791016e-11 3.4918554e-11 7.6739014e-12 3.1166878e-11 7.6595255e-09 2.9732792e-09 1.6341153e-07 5.183953e-08 1.78453e-07 1.22340525e-05 0.000706778 0.28369197 0.7141506
19 0.0786952 0.00094908377 4.831758e-05 3.6318957e-06 5.363879e-07 2.0499553e-07 3.745e-08 2.6074314e-08 2.3532376e-08 6.6805557e-09 3.5963184e-09 1.4243344e-08 1.0134345e-07 5.1251106e-08 3.0845044e-08 1.9988383e-08 1.1132547e-08 1.3870961e-07 3.4452316e-07 9.2763537e-07 4.133398e-06 0.00026082835 0.05246105 0.86757535
20 0.00016932422 7.145036e-07 5.1145843e-08 1.6099295e-09 5.797833e-11 5.018502e-12 1.7138662e-11 4.4947768e-11 4.4810322e-13 3.1248504e-13 3.6645123e-12 2.5598532e-12 4.1491067e-13 5.6523764e-13 1.0659142e-11 1.6167663e-09 4.044584e-09 1.1894029e-07 2.6547218e-07 3.2798835e-06 0.001363849 0.04437972 0.9081921 0.04589062
21 3.2708094e-06 3.2489162e-09 1.2366504e-11 4.600206e-13 1.7755366e-14 7.499406e-14 4.5172844e-13 1.3295314e-12 2.1760711e-13 3.9676568e-13 4.8828008e-11 5.3601663e-12 1.3417427e-12 8.1993975e-14 4.8366617e-13 2.9677696e-10 5.987738e-11 3.827167e-09 8.078382e-10 2.006736e-09 3.6094002e-07 0.00016195395 0.8226833 0.17715117
22 0.024029588 3.42152e-05 8.7707815e-07 1.0011716e-07 9.97772e-09 4.3231108e-09 5.416096e-10 1.7105227e-09 5.9902405e-10 2.6278413e-10 1.7206075e-11 1.1041218e-11 1.0462234e-10 1.12774776e-10 1.9431794e-10 1.6108298e-10 4.4109237e-11 3.4458755e-10 5.3120175e-10 2.602624e-09 3.8321176e-08 2.3831885e-06 0.004658722 0.9712741
23 0.008458706 0.00012823203 2.5007193e-06 5.5586486e-07 9.70227e-08 6.2144544e-08 8.231458e-08 3.2753064e-07 8.733095e-08 8.27488e-08 3.3825125e-07 5.25634e-08 1.02041604e-07 2.9133304e-08 5.6043387e-08 1.1640509e-06 5.2944335e-07 4.6477885e-06 2.123489e-06 4.490468e-06 5.453465e-05 0.001301751 0.23992889 0.7501106
