1 0.0009678216 0.3474273 0.6436076 0.007355581 0.00054236874 5.3300653e-05 3.7481184e-06 1.6434618e-05 1.5363589e-06 3.2486054e-07 3.922938e-07 7.106386e-07 1.960837e-07 1.1920557e-08 3.4401612e-08 2.7012192e-08 3.1532537e-09 8.596164e-09 1.6212369e-09 6.1424483e-09 3.2454444e-08 1.9560147e-07 1.1823812e-06 2.1195076e-05
2 0.00050080044 0.5961449 0.4028901 0.00045927247 2.2145991e-06 1.3088925e-07 1.9360307e-08 8.0312475e-08 1.3793872e-08 5.24062e-09 2.598996e-08 1.06267876e-07 5.5780752e-08 7.979856e-09 5.9652017e-09 7.927829e-09 8.663998e-10 6.402717e-10 5.8539916e-11 1.11329154e-10 3.0458442e-09 1.17118795e-08 4.0293838e-08 2.2559993e-06
3 2.3627646e-05 0.019094415 0.96457756 0.016179373 0.000120781144 1.307565e-06 4.7532632e-07 1.0006937e-07 1.3043717e-07 2.4788582e-07 6.2981584e-08 1.6818536e-08 3.410681e-08 1.9754843e-08 9.992607e-09 2.3392111e-08 6.194527e-08 7.135342e-08 3.1696352e-08 3.4648263e-08 2.194143e-08 6.694647e-08 2.4537263e-07 1.280115e-06
4 6.3559046e-06 0.005307244 0.98815775 0.0065037566 2.4311583e-05 1.324666e-07 2.4153715e-09 5.697638e-09 6.0172534e-10 6.694164e-10 3.2399539e-10 3.1049058e-10 3.1869138e-10 3.65337e-11 5.0764437e-10 1.7067086e-09 6.931516e-11 1.0219973e-09 6.702476e-11 2.468105e-10 6.681193e-11 4.8015814e-11 2.7688274e-09 4.250969e-07
5 0.00014183135 0.015324625 0.94347876 0.040986776 5.9000653e-05 2.7237004e-07 7.0276236e-08 1.8277216e-08 1.2616375e-08 1.4690385e-08 8.680271e-09 2.6687985e-09 4.9718087e-09 3.5148744e-09 1.8527406e-09 6.9588957e-09 1.3825175e-08 2.9392844e-08 9.558388e-09 9.789892e-09 1.9838541e-08 1.1490354e-07 8.2273135e-07 7.644766e-06
6 0.00022090958 0.0009042662 0.6744713 0.32178396 0.0025554195 6.11416e-06 6.3751463e-07 2.4518778e-07 3.0007065e-08 2.1500936e-08 1.5778182e-09 5.784705e-10 1.5759273e-09 2.2502537e-10 5.2008953e-11 4.4051002e-10 1.2163465e-09 7.709803e-09 6.4816625e-08 3.2432656e-08 1.3205776e-07 6.056246e-08 1.7156135e-06 5.512133e-05
7 9.7926444e-05 0.0011297346 0.61970186 0.37858766 0.00044206166 1.3096201e-06 1.6764048e-07 1.3541203e-08 1.14603775e-08 1.9194369e-08 2.0818618e-09 5.960351e-10 6.411942e-10 3.5204084e-10 2.8135422e-10 2.3175333e-09 2.7431213e-09 4.436987e-09 6.414812e-09 2.7017945e-08 5.087568e-08 1.5195032e-07 2.9364492e-06 3.6108042e-05
8 0.007150746 0.050862547 0.6751919 0.22805175 0.036610298 0.0011486155 0.00025479874 8.637442e-05 2.8428996e-05 9.514235e-06 3.049065e-06 1.2483581e-06 2.1291023e-06 2.576897e-07 1.9905888e-08 1.4969311e-07 1.1466087e-07 3.4582862e-07 1.1840567e-06 1.0274017e-06 1.3624704e-05 1.05195595e-05 5.060972e-05 0.00052081776
9 0.29377267 0.6752798 0.015482349 8.2463506e-05 1.4787942e-05 2.5731283e-06 1.5586613e-06 1.830128e-06 3.3835255e-07 6.5176195e-08 3.1596014e-07 4.4749868e-07 2.1204133e-07 2.3174719e-08 1.3458648e-09 8.658571e-09 2.187955e-09 1.2846381e-08 2.7269875e-08 2.7894925e-08 7.3063484e-06 7.22492e-05 0.001527721 0.0137531925
10 4.6257668e-07 0.0016652904 0.9956894 0.0026422837 2.5816535e-06 2.1543514e-08 5.1720482e-11 1.1637073e-10 1.8025803e-11 4.6208436e-12 5.0603033e-13 5.540917e-13 3.9564099e-13 3.4121746e-14 1.4417688e-12 1.2895741e-12 1.863178e-14 1.9430279e-13 7.318575e-14 3.4511023e-13 2.1064604e-13 6.420987e-14 1.774543e-11 1.1934932e-08
11 0.00019540108 0.06475751 0.92798084 0.0070398673 2.1917096e-05 2.2195353e-07 3.9628496e-08 3.0917355e-09 4.856741e-09 7.2028676e-09 1.0907926e-09 7.3178436e-10 4.1893475e-10 5.161623e-10 3.6583958e-10 1.3777427e-09 1.3272924e-09 1.2316115e-09 9.2705055e-10 1.0803523e-09 7.407212e-09 1.7440053e-08 1.1943646e-07 3.976878e-06
12 0.00043502738 0.64724594 0.022308063 0.00063560857 0.00065814634 1.5037314e-05 5.785704e-06 1.6630029e-06 1.1330526e-06 3.1419165e-06 2.80958e-06 6.0524317e-06 5.2323943e-05 0.00010981858 0.0004327697 0.0019831741 0.0038111086 0.018154286 0.030429091 0.11253995 0.13107288 0.022371275 0.004848142 0.002876747
13 0.32279664 0.21556851 0.08647452 0.010410246 0.00061298045 2.5456558e-05 8.334657e-06 5.0860863e-06 9.991641e-07 1.3137227e-07 1.9515049e-07 1.9303599e-07 1.9743956e-07 7.8999385e-08 7.767151e-09 2.0701555e-07 6.375357e-08 1.2203664e-06 8.134579e-06 4.1935895e-05 0.002091496 0.006942407 0.10612297 0.24888799
14 2.0919977e-05 4.0183622e-05 3.8900514e-05 0.00011699011 0.00053162564 0.0023691165 0.058847003 0.16795795 0.6037155 0.14218667 0.021431327 0.002059409 0.0003730065 0.00021347594 9.199942e-05 1.941345e-06 2.5769405e-06 1.2466188e-07 5.6693934e-09 8.782158e-09 1.08922414e-07 5.31033e-08 6.434268e-07 5.0302333e-07
15 0.022436572 0.03903827 0.061449856 0.046280902 0.03543129 0.011415791 0.0070461477 0.0045707803 0.0039049475 0.005970883 0.004185509 0.0033419528 0.004357574 0.010082924 0.016796796 0.021245886 0.03890772 0.07231924 0.12942174 0.16511686 0.19087362 0.04511608 0.032996543 0.027692106
16 0.0072238864 0.010033258 0.024375163 0.07102373 0.1758872 0.09731286 0.1182009 0.08141413 0.123380974 0.12321153 0.06317845 0.03592677 0.013934914 0.013551748 0.016938644 0.0053495127 0.0075063272 0.003385661 0.0016825034 0.00151366 0.0015807714 0.00037684775 0.0015910537 0.001419578
17 9.308583e-06 0.00045789452 0.17278425 0.8146438 0.012057516 3.919591e-05 2.3903456e-06 6.477364e-08 2.207087e-08 1.7786782e-07 1.6299824e-09 8.550669e-10 9.7974184e-11 6.41692e-10 6.6553313e-10 8.592247e-10 3.8090744e-09 3.5282088e-09 2.5652946e-09 2.1529786e-07 2.8166352e-07 1.1752836e-07 2.076529e-06 2.697022e-06
18 0.008793203 0.98957765 0.0015717422 1.3349268e-07 9.871288e-09 2.0985627e-09 7.033318e-10 4.218423e-09 6.7827355e-10 2.0395485e-10 9.695665e-09 2.246632e-08 2.6967641e-09 1.5082532e-10 3.056609e-11 5.018057e-10 2.8628986e-11 1.9508044e-10 2.8086207e-11 4.208136e-11 6.266657e-08 4.5736962e-07 2.1135695e-06 5.4595876e-05
19 2.58887e-06 6.763534e-05 0.030186493 0.9491148 0.020445796 0.00016966129 1.1014766e-05 4.363539e-07 1.8945678e-07 3.6653336e-07 1.2294257e-07 7.836009e-09 1.1029058e-08 3.7366625e-09 5.596641e-10 4.7520726e-10 4.5089396e-10 1.0515316e-09 7.4847515e-09 4.702219e-09 7.537285e-09 1.7864066e-08 8.003092e-08 7.804806e-07
20 0.78929627 0.2031646 0.0009023347 6.166419e-06 1.4882195e-07 1.9635369e-09 4.8031853e-11 1.9354456e-10 3.095219e-12 8.667864e-14 3.7136532e-13 1.1855933e-11 3.5640523e-13 1.0126908e-14 6.1932775e-15 3.8128298e-13 1.8823552e-15 1.4120702e-14 8.030546e-15 1.4595779e-13 5.214036e-10 6.060142e-08 2.2660364e-05 0.0066078245
21 3.7636244e-05 0.8321414 0.16781723 3.7418977e-06 1.7649963e-08 5.3292526e-10 9.9793255e-12 1.3649534e-10 7.465853e-12 5.4012897e-12 2.7154234e-11 9.5995704e-11 6.214201e-11 1.1983177e-11 1.6347428e-10 1.4313864e-10 7.234301e-13 1.4556155e-12 5.1610463e-14 7.042567e-14 3.685272e-12 1.7336401e-12 1.4485626e-11 1.4315633e-08
22 2.3995299e-05 0.009409673 0.906455 0.08392959 0.00017881858 5.9264636e-07 1.7216567e-07 4.024976e-08 5.531932e-08 8.944587e-08 1.38417775e-08 3.5356251e-09 1.1581658e-08 3.682131e-09 1.2169563e-09 5.4346567e-09 1.8993672e-08 6.850381e-08 1.6468724e-07 4.182244e-08 4.6096698e-08 5.631162e-08 2.3301467e-07 1.3710522e-06
23 0.012555407 0.79106134 0.1959425 0.0002269828 2.8009526e-05 5.664352e-06 2.9008277e-06 1.2560015e-05 2.9461733e-06 9.790796e-07 3.699895e-06 1.4304401e-05 3.2421422e-06 6.7555277e-07 2.3407198e-07 4.6521177e-07 6.789061e-08 1.1703884e-07 4.5209816e-08 2.5499899e-08 8.2931086e-07 3.926534e-06 7.713559e-06 0.00012537546
