1 0.0031135548 0.00013437396 3.3775705e-05 1.964803e-05 6.8977924e-06 6.7155265e-06 3.159215e-05 2.6238387e-05 0.00034771705 0.0002540636 0.00027342455 0.00014443306 8.186459e-05 1.221393e-05 3.0460722e-05 0.0005800522 0.0019886803 0.011622249 0.021011658 0.1129878 0.11746715 0.04898577 0.33433336 0.34650636
2 0.0003731986 1.6627862e-06 8.1777856e-08 1.7474134e-08 8.130272e-09 4.4801474e-09 8.805235e-09 7.509847e-09 3.2186769e-09 7.1320816e-09 2.0591802e-08 9.702727e-09 1.17513705e-08 2.466604e-09 9.486664e-09 1.2039833e-07 1.05107254e-07 1.1897099e-06 7.4069067e-07 2.8938146e-06 4.974981e-05 0.0013642234 0.2837525 0.7144534
3 0.001588312 5.0423937e-06 4.467655e-07 1.365712e-07 6.921698e-08 7.04434e-08 3.0873682e-08 2.990184e-08 3.796793e-08 2.1414358e-08 8.991292e-09 6.2622227e-09 1.43392525e-08 1.238882e-08 3.4653738e-08 2.1582863e-08 1.5237264e-08 7.965626e-08 1.2423655e-07 4.404622e-07 4.503054e-06 0.00038681793 0.16765341 0.83036035
4 8.624611e-06 1.4756107e-09 4.0049983e-10 2.1605887e-11 2.8560055e-11 9.3601286e-11 1.581682e-10 1.4445697e-10 3.2295272e-10 7.558178e-11 1.6697202e-10 5.8881164e-11 5.772587e-12 9.552682e-13 4.0107886e-11 1.8959949e-10 1.1788445e-10 1.2071995e-08 1.17290476e-07 3.7775403e-06 0.00013484684 0.032879256 0.9267075 0.040265873
5 9.403698e-05 3.4280973e-08 9.031211e-10 1.4350736e-10 4.111793e-11 3.699188e-11 2.539903e-11 3.0698395e-11 1.9320785e-11 1.9829211e-11 3.2731394e-11 7.7918635e-12 1.3274147e-11 2.2664314e-12 1.7608543e-11 1.9526807e-10 8.263672e-11 2.5603764e-09 2.8772549e-09 1.9373964e-08 8.555418e-07 0.00012697818 0.24852651 0.75125164
6 0.008123584 1.054864e-06 1.0984401e-08 6.4991834e-10 2.227165e-11 1.0386319e-11 3.857477e-13 3.6804045e-13 1.5500112e-13 4.729169e-14 1.4731527e-15 1.8111282e-15 2.2477095e-14 1.5196066e-14 6.125391e-14 3.8522415e-14 3.0447656e-14 5.577095e-13 9.987217e-13 1.227374e-11 5.008677e-09 2.6347507e-06 0.01537999 0.9764928
7 0.00032955687 2.347659e-07 1.8695592e-09 1.7662583e-10 4.9185343e-11 2.8884692e-11 3.6219243e-11 2.8452442e-11 1.25055305e-11 1.3153568e-11 1.6807444e-11 5.7646136e-12 8.17197e-12 2.4544418e-12 2.0717102e-11 1.500631e-10 1.4519941e-10 3.0575167e-09 3.980225e-09 4.676592e-08 3.1703592e-06 0.00046670606 0.28258622 0.716614
8 0.21269594 0.0011192411 4.8929896e-06 3.990496e-07 5.528917e-09 2.9856467e-10 4.69482e-12 3.7680367e-12 5.030524e-13 1.6124369e-13 2.902131e-14 2.2759015e-14 3.757041e-13 1.3600454e-13 2.3621635e-13 3.7352985e-13 5.3712926e-13 2.6839923e-11 4.2722364e-11 7.8559603e-10 2.1298526e-08 7.5587445e-07 0.0013064406 0.7848723
9 0.0010177733 4.312862e-07 2.7696472e-09 2.8015773e-10 5.037059e-11 1.1260139e-11 7.751156e-12 8.204992e-12 1.6665753e-12 1.1191586e-12 8.1603994e-13 2.84203e-13 1.1973659e-12 5.6478276e-13 3.650166e-12 8.004493e-12 1.5721244e-11 3.8276504e-10 4.7440807e-10 4.923707e-09 1.9714689e-07 2.942491e-05 0.06009254 0.93885964
10 4.370129e-07 1.8381085e-11 4.784801e-12 1.2811219e-13 6.926577e-14 4.9579877e-13 3.6773026e-13 3.3562617e-13 7.3431945e-13 2.4642978e-13 4.581032e-13 1.245757e-12 1.267168e-13 2.192949e-14 1.0191986e-12 6.9078233e-12 2.5399255e-12 1.5215544e-10 1.2990052e-09 4.719812e-08 5.880776e-06 0.0032811777 0.9585829 0.038129635
11 3.2324373e-05 7.5279305e-10 2.6436277e-11 4.3635484e-13 6.266892e-14 6.392417e-14 1.3607644e-14 4.08232e-14 1.6695914e-14 4.1794287e-15 1.9033398e-15 3.4267307e-15 2.4065568e-15 7.576374e-16 2.3993685e-14 4.0353632e-14 8.215121e-15 6.3651135e-13 3.6299709e-12 5.7059784e-11 4.687907e-09 5.8701644e-06 0.15909666 0.84086514
12 1.9737606e-06 1.0892905e-09 2.3109393e-11 2.480855e-12 1.826329e-12 1.4827179e-12 5.060462e-12 4.379112e-12 1.7169806e-12 4.2723446e-12 1.15025e-11 2.9029496e-12 4.1001083e-12 4.877755e-13 3.6045867e-12 7.871928e-11 8.8178846e-11 3.18121e-09 2.633846e-09 1.9397667e-08 2.7591045e-06 0.0006867767 0.85701174 0.14229684
13 0.08243983 0.002193835 8.171133e-05 2.806125e-06 3.0880267e-07 4.9022624e-08 2.7970735e-09 1.6861326e-09 5.96701e-11 2.7223755e-11 5.5094384e-12 2.26953e-11 1.05462014e-10 8.603764e-11 1.3385743e-10 1.0320933e-09 2.9687353e-09 3.9153342e-08 2.0716937e-08 1.280585e-07 4.151009e-06 0.0001047241 0.034948915 0.88022363
14 0.00056476146 5.833302e-05 1.4775443e-05 1.8025345e-05 2.0418307e-05 5.7549532e-06 8.600104e-06 1.0776657e-05 1.25741635e-05 0.000105119456 0.00090504135 0.0016984518 0.0016810514 0.002224322 0.0024584257 0.018232215 0.09144988 0.26573932 0.57091594 0.028255453 0.011476496 0.0025014235 0.00097362394 0.0006692433
15 0.037794847 0.009057709 0.0028795763 0.0011964419 0.0006673754 0.00037691608 0.00026188235 0.0004289241 0.0003385436 0.00027299952 0.00032633252 0.00024934608 0.000320665 0.000266435 0.00023249604 0.0005455887 0.0006294041 0.0009629507 0.0013643035 0.003947129 0.010508682 0.080907 0.52815807 0.3183064
16 0.045449194 0.10410731 0.056669928 0.024865203 0.011949225 0.01254595 0.007133904 0.006941832 0.009627613 0.015360553 0.027733836 0.034621805 0.06347653 0.052804034 0.037376292 0.07372348 0.13746177 0.074109375 0.090930015 0.036098182 0.039939262 0.012987701 0.0059218886 0.018165104
17 0.0050300816 0.009719372 0.02973155 0.005721987 0.038479127 0.27998605 0.25530308 0.009387634 0.0013254397 0.0013039319 5.236205e-05 9.397527e-06 7.808525e-06 9.460763e-06 2.5514904e-05 8.971686e-06 1.0368334e-05 9.212937e-05 2.111471e-05 0.00028804562 0.0026894796 0.06509435 0.27658787 0.019114938
18 5.163327e-06 2.2372153e-09 6.007259e-11 6.9751405e-12 2.6738798e-12 5.2347094e-12 5.778117e-12 6.474609e-12 3.0292544e-12 4.5430274e-12 1.8116059e-11 3.4092258e-12 3.0532421e-12 9.122781e-13 4.423415e-12 1.8204341e-10 1.6765886e-10 9.137375e-09 6.7020856e-09 7.8455514e-08 1.1658118e-05 0.0019468063 0.8572115 0.14082488
19 0.017840309 9.16711e-06 3.7535733e-07 1.5335903e-08 1.3118301e-09 1.8554266e-10 1.9310503e-11 2.475228e-11 2.1464327e-11 1.5329687e-11 5.4341818e-12 9.438085e-11 2.4062585e-10 1.3814844e-10 1.786051e-10 1.229337e-10 1.6847694e-10 9.771632e-10 3.90488e-09 1.7561717e-08 3.676518e-07 4.0745894e-05 0.02669419 0.95541495
20 6.1597416e-06 9.721612e-09 3.319819e-10 8.395747e-12 6.798547e-13 2.1342806e-13 7.62303e-14 1.6164916e-13 4.7970466e-15 3.0760887e-15 8.074278e-15 1.5775047e-14 1.4925151e-15 4.5224206e-16 2.2118646e-14 7.552264e-12 1.2721275e-11 2.736496e-09 2.9128606e-09 1.7894e-07 0.00015310722 0.0446486 0.9379663 0.01722574
21 1.9354104e-08 8.507308e-12 2.0570084e-13 2.18777e-14 7.806008e-15 3.919794e-14 7.440553e-14 9.551164e-14 7.12035e-14 1.3605713e-13 2.1801291e-12 3.4193888e-13 1.4124159e-13 1.3012749e-14 9.444622e-14 1.5719726e-11 8.094822e-12 7.165921e-10 1.3524353e-09 6.4134844e-09 8.195363e-07 0.00053063105 0.9832446 0.016224034
22 0.010739623 4.964867e-06 7.306993e-08 3.7183572e-09 2.0574645e-10 6.364401e-11 2.7507345e-12 3.84158e-12 1.6938598e-12 9.518765e-13 2.7776406e-14 5.1063818e-14 6.4347394e-13 5.749021e-13 8.249821e-13 3.221251e-13 2.2502544e-13 2.6496114e-12 4.725815e-12 2.365752e-11 1.0476933e-09 8.705402e-08 0.0010805482 0.9881748
23 0.0002464056 9.944686e-07 1.1878686e-08 1.4783408e-09 2.9767516e-10 7.6678386e-11 1.5312054e-11 4.5463494e-11 3.8842133e-12 4.858675e-12 2.2586474e-11 7.315502e-12 1.2163506e-11 5.774653e-12 1.1003257e-11 5.9945554e-10 1.1211243e-09 2.8459137e-08 1.6598712e-08 8.9728175e-08 4.6714244e-06 0.000656615 0.5013789 0.4977123
