1 0.006716914 0.24419926 0.7439151 0.0039728377 0.0004264107 9.567468e-05 7.442227e-06 9.719588e-06 5.353715e-07 9.2310685e-08 1.9271579e-07 4.5129545e-09 6.343133e-09 6.432757e-08 1.3802189e-09 1.6431407e-07 1.5056483e-09 5.9544604e-08 1.1436668e-08 2.0682469e-06 1.5377654e-07 1.262698e-06 1.8520652e-05 0.00063364755
2 0.003498419 0.9756092 0.020814326 5.0863193e-05 8.50526e-06 2.1539663e-06 6.256847e-07 3.3624099e-06 6.767257e-07 2.3316743e-07 1.5445875e-06 4.6748391e-07 3.8289278e-07 1.441793e-07 1.4744612e-07 8.9188795e-08 2.7768746e-08 9.050655e-09 2.7347276e-09 1.800891e-09 3.2855347e-08 8.435069e-08 2.3663408e-07 8.5232e-06
3 6.672392e-05 0.07464568 0.87072486 0.05429816 0.00025992433 3.3637061e-06 2.1790149e-07 4.8976332e-08 1.2379132e-08 1.1263121e-08 7.858656e-09 1.1076187e-09 1.358823e-09 1.1242862e-09 7.4179685e-10 1.0361497e-09 9.649486e-10 2.0873947e-09 1.3099649e-09 2.6198028e-09 2.3383022e-09 7.35092e-09 3.604305e-08 9.958029e-07
4 6.8211643e-06 0.0064145327 0.8930687 0.100261025 0.00024844884 1.5522457e-07 2.3457125e-10 1.5320337e-10 1.2580029e-11 4.096606e-11 4.6285427e-11 1.805784e-11 6.508358e-11 5.56968e-11 3.9199693e-10 3.7476766e-10 1.0660725e-10 1.0877668e-09 1.4551833e-09 6.658256e-10 1.454645e-10 7.722813e-11 7.7578094e-10 3.9485312e-07
5 3.306159e-05 0.17804013 0.82138145 0.0005447329 6.19669e-07 6.3011445e-09 4.4842216e-10 1.134466e-09 1.231896e-10 5.3942913e-11 2.1299626e-10 4.0456104e-11 7.168744e-11 2.0964761e-11 3.350823e-11 4.340328e-11 3.6490914e-11 7.159727e-11 1.4575879e-11 1.4428621e-11 3.9257382e-11 1.7153323e-10 9.847994e-10 9.2045234e-08
6 1.1617649e-07 0.00012472013 0.91599 0.0838749 1.0323612e-05 2.2925715e-09 9.302782e-11 4.6546534e-12 6.1222967e-13 1.4967674e-12 3.1680894e-13 1.8165067e-14 1.1744695e-13 5.9877484e-14 3.2433095e-15 2.4057923e-14 2.1022245e-13 2.3645493e-12 1.2017973e-11 8.786227e-12 3.2422164e-12 4.7148787e-12 7.5892584e-11 4.6823043e-09
7 0.0022077945 0.4136563 0.58056223 0.0035122898 4.972922e-05 9.946225e-07 1.3673449e-07 9.178742e-08 1.6493068e-08 3.7772603e-09 1.391045e-08 2.5416704e-09 2.9866212e-09 2.814748e-09 2.2673088e-10 2.020995e-09 6.9676215e-10 2.6133265e-10 3.258779e-11 8.581033e-11 7.876828e-09 3.361334e-08 1.8272014e-07 1.02050435e-05
8 0.0011144932 0.09939423 0.8818709 0.017551852 3.97339e-05 6.6981464e-08 1.6862138e-08 2.6353673e-09 4.2951986e-10 1.8890808e-10 4.2413125e-11 6.6274724e-12 6.702489e-11 1.0994219e-11 3.5022934e-13 2.4483046e-11 5.444562e-11 4.176619e-10 2.9308551e-09 3.0655833e-09 1.3296496e-08 1.3976646e-07 1.3783374e-06 2.7170565e-05
9 0.00073216314 0.39024425 0.6036319 0.005309371 7.85397e-05 7.6679714e-07 3.832487e-08 1.6509462e-08 2.2678175e-09 7.228997e-10 7.233526e-10 9.954666e-11 1.7135202e-10 4.2984297e-11 1.1626018e-11 3.2216306e-11 1.4832328e-11 1.5494613e-11 9.252001e-12 1.6987838e-11 2.4865252e-10 2.998001e-09 3.3312226e-08 2.9521107e-06
10 3.6887782e-06 0.0003586923 0.789303 0.21002966 0.00030467374 1.4829723e-07 6.559272e-11 8.8273305e-11 2.3314642e-12 6.5337085e-12 4.69956e-12 2.4381703e-12 7.190751e-12 3.894605e-12 1.8087667e-10 8.806968e-11 3.9905106e-12 5.3509332e-11 5.883076e-11 3.3252696e-11 1.2549367e-11 2.7232069e-12 1.2538062e-10 1.4537396e-07
11 3.2844855e-06 0.0030793166 0.8577274 0.13917571 1.431063e-05 3.128364e-09 4.1149417e-11 4.274844e-12 4.502e-13 2.8173032e-12 1.2732832e-11 1.0368774e-12 3.2964204e-12 2.2074413e-12 4.6717318e-12 1.1909438e-11 1.120848e-11 4.449371e-11 5.0236162e-11 2.1069913e-11 1.3553549e-11 2.1887962e-11 2.9378563e-10 3.7838518e-08
12 3.8067767e-05 0.6915983 0.30820712 0.00015147464 5.0109043e-06 1.2072114e-07 4.2814405e-09 2.3935762e-08 1.929288e-09 5.1589233e-10 2.5439302e-09 6.0448824e-10 5.2323057e-10 6.172768e-11 5.602976e-11 2.6235535e-11 5.4070338e-12 2.051143e-12 4.671324e-13 2.9742701e-13 4.288323e-12 7.105437e-12 8.861117e-11 1.8783725e-08
13 0.69945 0.10118097 0.0055945283 0.00046078715 2.3309196e-05 9.298859e-07 2.7893645e-07 2.864e-07 4.0444725e-08 1.032361e-08 4.666345e-09 2.0128734e-08 8.465426e-08 3.7512955e-08 5.0551288e-09 1.4577984e-07 7.764945e-08 1.0324242e-07 5.244668e-07 7.13572e-06 0.00037443393 0.0023130486 0.039736833 0.15085645
14 4.533661e-05 0.0002853598 0.00064314116 0.009222616 0.13849789 0.14804137 0.2978899 0.17860685 0.17185107 0.045443483 0.005265934 0.0037431119 0.00024745637 0.00012442924 8.199137e-05 3.6931924e-06 1.2369992e-06 3.6610652e-07 2.4147381e-08 2.6771188e-08 6.92302e-07 1.1288486e-07 7.2652614e-07 3.1936702e-06
15 0.02513039 0.11923355 0.056622155 0.026037224 0.03891463 0.025964156 0.016095225 0.017427772 0.011954168 0.020434447 0.032394134 0.020262152 0.04925236 0.1348617 0.31787655 0.04281234 0.018390846 0.006413902 0.0018111465 0.000978423 0.0037407442 0.0041397465 0.0035284436 0.0057238
16 0.0013932469 0.0015796925 0.0014002535 0.003113507 0.015151581 0.042487167 0.11761564 0.12868164 0.18398356 0.13337111 0.09647319 0.10079571 0.042927556 0.02879331 0.03308059 0.04103374 0.012075087 0.011649238 0.0025142725 0.0006771529 0.00063959113 8.996738e-05 0.00025536094 0.00021790387
17 1.6296879e-05 0.00015653421 0.12311125 0.864381 0.012249302 7.1344875e-05 1.1472451e-06 3.11357e-08 5.275024e-09 4.0562487e-09 4.5472157e-10 5.7806315e-10 1.9511054e-10 5.315438e-10 1.0506802e-09 8.300878e-10 1.8562448e-09 9.59159e-10 4.76656e-09 1.3740315e-07 3.7262464e-07 1.00999046e-07 3.440728e-06 9.030533e-06
18 0.0005123464 0.5804938 0.4155279 0.0034464877 1.8699542e-05 2.1687497e-07 4.4405457e-09 6.9088237e-09 5.0778104e-10 1.1643218e-10 4.294628e-10 1.387084e-10 8.144204e-11 3.9038682e-11 2.6026346e-11 5.096856e-11 3.1870988e-12 2.1648549e-12 2.0749936e-13 5.76947e-13 1.1293015e-11 4.1114896e-11 8.708329e-10 5.740105e-07
19 3.4711147e-07 9.8686205e-06 0.0040727863 0.9059013 0.08956544 0.00043981546 9.852669e-06 3.4184436e-07 3.3233146e-08 7.818876e-08 5.817817e-08 7.786244e-09 7.732849e-09 3.7198147e-09 9.30097e-11 2.6893578e-11 3.3601413e-11 6.565892e-11 1.6679351e-10 1.1057768e-10 3.557553e-10 3.1110356e-10 3.404713e-09 3.276031e-08
20 0.8647027 0.10163696 0.0006119961 5.871222e-07 1.312363e-08 1.658843e-10 8.131641e-13 7.0450846e-12 7.1824145e-14 1.5008992e-14 2.8432602e-14 4.2310543e-14 3.9212625e-14 4.9040124e-15 6.233542e-14 5.726355e-13 6.4153395e-15 3.474566e-14 3.4589407e-14 1.2997729e-13 2.0346423e-10 1.1522772e-08 1.3121717e-05 0.03303463
21 1.4005856e-05 0.95770514 0.042280316 6.160906e-07 7.372829e-09 2.1019073e-10 4.0608753e-12 7.930436e-11 2.8442429e-12 4.402023e-13 1.3372211e-11 3.6806153e-12 2.0555163e-12 5.2853967e-13 1.3799628e-12 4.4886638e-12 6.06385e-14 3.2354202e-14 7.866901e-16 5.53998e-16 1.6549945e-14 8.8053574e-14 1.1199134e-12 7.384587e-09
22 1.0129772e-06 0.0006419016 0.8532879 0.14594263 0.00012638132 1.2348497e-07 1.6599126e-08 1.3653695e-09 5.1937654e-10 7.1938894e-10 4.119983e-10 2.5205107e-11 2.7946842e-10 8.053361e-11 6.9180508e-12 3.4910238e-11 1.5195106e-10 1.0291434e-09 1.9400663e-09 1.5513031e-09 1.0144475e-09 1.1309604e-09 5.389573e-09 5.271373e-08
23 0.0034166006 0.99441993 0.002157242 7.964717e-07 8.462612e-08 4.0070915e-08 2.6002338e-08 9.611669e-08 2.022208e-08 2.5650069e-09 4.5539622e-08 1.0394382e-08 5.031532e-09 3.9663934e-09 4.5418508e-10 2.3950544e-09 1.9007683e-10 4.279603e-11 1.5187584e-12 2.7668302e-12 1.3084283e-09 1.837305e-08 5.774136e-08 5.0862327e-06
