1 0.0015635241 0.00014015863 2.6286556e-05 3.224405e-05 3.414027e-05 2.7269627e-05 0.00015212884 0.00052845886 0.00052591716 0.00033907578 0.00042716757 5.2336392e-05 3.7723476e-05 1.196079e-05 3.3196033e-05 0.00057651603 0.00041188084 0.0023164384 0.0043280507 0.022315118 0.02538125 0.046599135 0.15539546 0.072077915
2 0.00035723345 1.9847412e-06 5.996449e-08 6.0967054e-09 2.2679167e-09 8.3910434e-10 1.4827e-09 1.5152282e-09 5.424199e-10 1.1919956e-09 3.443196e-09 1.6210793e-09 1.960809e-09 4.118904e-10 1.5856111e-09 2.0215943e-08 1.7571328e-08 1.9968087e-07 1.2413837e-07 4.837193e-07 8.332209e-06 0.00023264647 0.07253321 0.260199
3 0.0003381987 8.520949e-07 7.4820434e-08 2.2810552e-08 1.1551534e-08 1.1764904e-08 5.1519518e-09 5.0106204e-09 6.3345356e-09 3.572282e-09 1.4988365e-09 1.0439178e-09 2.3903048e-09 2.0655122e-09 5.779092e-09 3.6000714e-09 2.5410172e-09 1.3286662e-08 2.073449e-08 7.348154e-08 7.51387e-07 6.502685e-05 0.03088183 0.30204642
4 1.6791503e-06 3.400915e-10 7.970418e-11 3.9691757e-12 5.1171107e-12 1.7284861e-11 2.8634168e-11 2.6930926e-11 5.4987306e-11 1.3470284e-11 3.077341e-11 1.2224324e-11 1.2208978e-12 2.014171e-13 7.9326675e-12 6.51554e-11 3.3363118e-11 2.6047355e-09 2.085565e-08 6.392222e-07 2.2756072e-05 0.005734503 0.31313995 0.014433814
5 0.00013765233 3.7770796e-08 1.0151471e-09 7.842922e-11 1.6482812e-11 1.2422291e-11 4.8677325e-12 1.0942606e-11 3.534343e-12 3.4297328e-12 5.4735227e-12 1.3256854e-12 2.2427327e-12 4.0690427e-13 3.1319556e-12 3.2726936e-11 1.3873083e-11 4.3042248e-10 4.840207e-10 3.2551424e-09 1.4278993e-07 2.1246542e-05 0.042949732 0.29022455
6 0.0021175365 6.697454e-07 4.405912e-08 3.7652397e-09 4.034568e-10 4.2629364e-10 3.687083e-11 9.369838e-11 1.8700671e-11 6.415245e-12 1.7169869e-13 4.596588e-13 7.4217016e-13 1.0509837e-12 6.3995345e-12 1.4486437e-12 6.0773804e-13 7.0563486e-12 2.586442e-11 1.803894e-10 2.8063791e-09 1.5060172e-06 0.009994612 0.321219
7 0.00013182289 5.4804467e-08 7.7310686e-10 7.9153926e-11 1.6919677e-11 1.1046402e-11 7.339555e-12 1.4987511e-11 3.667999e-12 3.0901512e-12 3.5008728e-12 1.3686633e-12 1.7360717e-12 6.0410574e-13 4.517765e-12 2.913844e-11 2.5799862e-11 5.3204585e-10 7.0513295e-10 7.919898e-09 5.294361e-07 7.808979e-05 0.0489929 0.28412995
8 0.035974544 0.00018668629 8.210287e-07 6.736769e-08 1.001743e-09 8.666512e-11 4.540718e-12 2.039193e-11 3.1776515e-12 1.2437414e-12 1.2130242e-13 1.060473e-13 3.1853272e-13 3.1989624e-13 1.2283619e-12 9.604653e-13 4.3745397e-13 7.884406e-12 2.0120267e-11 1.8485428e-10 3.9349e-09 1.9329416e-07 0.0005403792 0.29663065
9 0.0015650108 3.113627e-06 3.1977272e-08 1.0119832e-09 6.141698e-11 3.5898558e-12 1.4806509e-12 2.218632e-12 2.8843334e-13 1.9205633e-13 1.5481345e-13 5.6134263e-14 2.2577137e-13 1.0887638e-13 6.526548e-13 2.4512829e-12 3.9912075e-12 1.665723e-10 1.0916221e-10 9.230745e-10 3.7407933e-08 5.592904e-06 0.0155826025 0.31617695
10 3.2413203e-07 4.177457e-12 9.698464e-13 2.723876e-14 1.4881044e-14 1.2009701e-13 1.1408864e-13 1.1974422e-13 1.6879883e-13 1.0619026e-13 1.0960722e-13 2.309485e-13 2.2046499e-14 3.939953e-15 1.9750667e-13 1.3176945e-12 4.6194613e-13 2.9203556e-11 2.3979974e-10 8.71076e-09 1.0944495e-06 0.0008070455 0.30162308 0.03090183
11 1.716478e-05 3.296045e-10 9.526504e-12 3.0760992e-13 4.1166066e-14 6.869238e-14 9.395035e-15 6.2037154e-14 6.390098e-15 2.8005279e-15 4.7116785e-16 7.8895015e-16 4.7434025e-16 1.6157778e-16 5.8862145e-15 7.8762e-15 1.6274859e-15 1.4345442e-13 7.07349e-13 1.123088e-11 7.9442697e-10 1.0196552e-06 0.02978187 0.3035333
12 5.6674514e-07 3.6665657e-10 5.6851433e-12 4.3557993e-13 3.1863975e-13 2.640901e-13 8.668385e-13 7.759157e-13 3.0410434e-13 7.2606455e-13 2.2248184e-12 5.950729e-13 6.9623837e-13 8.391811e-14 6.2803533e-13 2.2391242e-11 1.8213377e-11 8.206751e-10 7.4251205e-10 4.719161e-09 6.993945e-07 0.00021803271 0.29240125 0.040712796
13 0.016061595 0.00039099716 1.4905104e-05 5.240146e-07 5.985764e-08 1.0791867e-08 7.166336e-10 8.4304064e-10 4.3587047e-11 1.4875792e-11 8.779534e-12 3.5063806e-11 6.123446e-11 3.760752e-11 1.14718055e-10 7.0675016e-10 1.1246217e-09 1.3971103e-08 1.1247336e-08 4.5171372e-08 1.0902293e-06 3.2844127e-05 0.013588712 0.30324256
14 0.00010560941 1.7662369e-05 1.1183054e-05 9.239253e-06 1.2283328e-05 3.5656155e-06 3.3904835e-06 6.5665263e-06 4.3090918e-06 4.1545583e-05 0.0002279729 0.00053961924 0.0010520366 0.0013186125 0.0025507407 0.011413187 0.050625466 0.118957244 0.13619302 0.007088881 0.0024114607 0.0004577685 0.0001648727 0.00011711157
15 0.018824808 0.004448305 0.0022735242 0.003428259 0.0025993162 0.003192676 0.0018695671 0.0018147933 0.0009787563 0.000759181 0.00047560767 0.00032948045 0.0003711629 0.00013523124 0.00041412975 0.0014102407 0.0018092872 0.0026655875 0.002696256 0.0074886773 0.007805753 0.033319782 0.14997935 0.08424362
16 0.056973815 0.066467546 0.031346895 0.009364391 0.0039120037 0.0026132106 0.0013206077 0.0012414911 0.0016554802 0.0026413247 0.0046954174 0.0060272375 0.011015562 0.009385133 0.0069653876 0.013115048 0.024085872 0.014284271 0.02398723 0.011974918 0.012352622 0.0038473762 0.0027038574 0.011356665
17 0.0036176313 0.00212436 0.005385278 0.0011504272 0.0072317543 0.048736542 0.048194747 0.0040483507 0.0008701064 0.0006195082 7.9293546e-05 2.8177556e-05 2.7381575e-05 2.1454263e-05 7.4261814e-05 5.452164e-05 5.0742798e-05 0.00027148522 0.00013195195 0.00050220615 0.0022616899 0.037847158 0.15360323 0.016401116
18 5.988904e-06 4.2279133e-08 1.4201346e-09 4.8238802e-11 3.010852e-11 2.2164699e-11 1.5063714e-11 5.289818e-11 6.3087153e-12 3.6131315e-12 7.690315e-11 2.6421369e-11 6.755628e-12 9.171297e-13 5.9289847e-12 9.862259e-10 3.5908906e-10 2.4217755e-08 2.3344716e-08 1.4460375e-07 6.8747663e-06 0.001195982 0.28696567 0.045158606
19 0.012754904 3.4394689e-06 7.745272e-08 2.8996876e-09 2.281153e-10 3.2919917e-11 3.4072179e-12 4.3474282e-12 3.607824e-12 2.5774213e-12 9.0847794e-13 1.5763125e-11 4.0177216e-11 2.3082604e-11 3.0176486e-11 2.0714378e-11 2.8206552e-11 1.6354015e-10 6.612978e-10 3.0000384e-09 6.3139964e-08 7.4618156e-06 0.00570249 0.31486493
20 6.800552e-05 2.7284955e-07 9.9028705e-09 6.184882e-11 5.509686e-12 1.9594847e-12 1.4837068e-13 4.2561705e-14 1.0943391e-15 5.6980494e-16 1.4435299e-15 4.8134727e-15 2.2503031e-15 3.279418e-16 1.7409793e-14 3.3306992e-12 8.947429e-12 8.2802687e-10 1.2409487e-09 4.4031818e-08 3.1500436e-05 0.009242905 0.30688438 0.017106226
21 1.3062412e-08 3.566769e-12 1.0576166e-13 4.58412e-15 2.133335e-15 9.508316e-15 1.6881016e-14 3.0422164e-14 1.6762228e-14 2.5984226e-14 4.328075e-13 8.3802316e-14 2.5246146e-14 2.3059083e-15 1.85912e-14 3.3390395e-12 1.4887625e-12 1.389188e-10 2.547863e-10 1.2312424e-09 1.5294445e-07 0.0001177673 0.32562274 0.0075927107
22 0.0044985386 1.7067999e-06 1.802197e-08 1.3911157e-09 8.3506556e-11 3.8124025e-11 5.044824e-12 2.5796011e-11 5.1149094e-12 2.5760808e-12 2.2467492e-13 2.2442501e-13 5.2166604e-13 7.508193e-13 2.868344e-12 2.145209e-12 9.653616e-13 7.358512e-12 1.7452704e-11 4.937918e-11 6.1162997e-10 2.0359258e-07 0.0013965864 0.3274363
23 0.00014801619 7.209926e-07 1.9553713e-08 2.5270344e-09 6.439024e-10 7.555309e-10 4.526473e-10 1.3660808e-09 4.658466e-10 3.7597475e-10 9.4153e-10 5.788501e-10 2.5717808e-10 9.9230596e-11 4.3150594e-10 4.404411e-09 2.1906756e-09 3.482589e-08 3.293645e-08 1.09171324e-07 3.3155466e-06 0.00031575895 0.15029883 0.18256651
