1 0.001157417 0.052419752 0.27832997 0.0012158718 7.62134e-05 1.6338035e-05 1.3190082e-06 1.6396275e-06 1.0712256e-07 2.4719338e-08 4.4990866e-08 3.10335e-09 1.5618208e-09 1.0828766e-08 5.096784e-10 2.8154927e-08 1.0312586e-09 1.5756129e-08 8.953852e-09 3.4699278e-07 3.0727193e-08 2.6510196e-07 3.5425e-06 0.00011042784
2 0.00061562494 0.32327583 0.009427731 9.3326e-06 1.4412326e-06 3.60857e-07 1.0468412e-07 5.625043e-07 1.13622434e-07 3.9590123e-08 2.9757462e-07 7.993159e-08 6.4550704e-08 2.4164866e-08 2.4608404e-08 1.5878081e-08 6.1359238e-09 6.1664966e-09 8.6503354e-10 5.754021e-10 9.47257e-09 9.495613e-08 7.093575e-08 1.5083527e-06
3 1.1246984e-05 0.012788719 0.31068814 0.009800483 4.397863e-05 5.620244e-07 3.643759e-08 8.198609e-09 2.0920377e-09 1.901125e-09 1.3470001e-09 1.8897521e-10 2.326436e-10 1.8965778e-10 1.2440518e-10 1.7652468e-10 1.7527485e-10 3.70648e-10 2.3389113e-10 4.5658433e-10 3.9544443e-10 1.2531969e-09 6.1102527e-09 1.6810348e-07
4 1.8589137e-05 0.03460567 0.2818918 0.016774999 4.2012514e-05 3.175003e-08 1.13523184e-10 2.9656516e-10 2.4136339e-11 2.0410255e-11 9.735659e-11 5.0767442e-11 5.5276447e-11 1.9446625e-11 1.03252074e-10 4.2083065e-10 5.1879244e-11 2.4743815e-10 2.4832905e-10 1.1903971e-10 4.0204562e-11 4.122893e-11 5.553776e-10 2.5924805e-07
5 1.3872543e-05 0.033955254 0.29819006 0.0011711966 2.4435226e-06 6.72183e-09 1.2555561e-09 1.1093522e-09 6.5554245e-10 1.3161134e-09 8.6686605e-09 8.9040547e-10 3.3512517e-09 2.6482156e-09 1.1853539e-09 1.5886613e-08 7.119718e-08 1.2852398e-07 3.382021e-08 5.118099e-08 2.5469012e-08 2.6740903e-08 2.7856641e-08 1.415821e-07
6 6.8460315e-07 0.00014713341 0.3156541 0.017523292 7.979403e-06 5.5196927e-09 6.2920064e-10 2.5479666e-10 2.0531196e-10 2.8575609e-10 2.3550403e-10 3.106172e-11 1.8865051e-10 9.105254e-11 4.958536e-11 3.1394976e-10 2.7594165e-09 1.48899915e-08 3.2048856e-08 2.741499e-08 3.6694248e-09 3.5579735e-09 1.0742027e-08 5.292585e-08
7 0.0003766571 0.12078351 0.2115469 0.0006159913 8.334164e-06 1.6615738e-07 2.2870552e-08 1.53577e-08 2.7875462e-09 6.53969e-10 2.5489892e-09 4.49173e-10 5.3540394e-10 4.8231036e-10 4.2495667e-11 3.71619e-10 2.2644851e-10 3.3150557e-10 1.525069e-10 1.4016292e-10 1.4051347e-09 6.037465e-09 3.1354705e-08 1.7108105e-06
8 0.0001864148 0.017500337 0.31243488 0.0032001424 6.7658757e-06 1.1446765e-08 2.8805327e-09 4.5543366e-10 8.75402e-11 4.1566868e-11 2.6491854e-11 2.6181553e-12 1.5221331e-11 3.248763e-12 3.269883e-13 6.8015446e-12 2.5425806e-11 1.7665762e-10 6.551276e-10 6.101459e-10 2.2839581e-09 2.3757549e-08 2.3140505e-07 4.5396223e-06
9 0.00055961224 0.23012304 0.10175042 0.0008858028 1.3124425e-05 1.3483643e-07 1.2049746e-08 1.3830173e-08 2.877325e-09 7.9916496e-10 2.1394984e-09 1.180769e-09 3.4200637e-10 7.986292e-11 4.7638686e-12 1.250525e-10 8.586103e-12 1.4262645e-11 5.516469e-12 1.2508754e-11 1.0012297e-09 3.119395e-08 5.4959653e-08 1.1114087e-06
10 6.268294e-07 0.00012001305 0.29803824 0.03512357 5.0832237e-05 2.4735199e-08 1.0952813e-11 1.4819e-11 3.906972e-13 1.0934224e-12 7.9689554e-13 4.0919023e-13 1.218768e-12 6.5460154e-13 3.04447e-11 1.7145015e-11 1.4993517e-12 1.5607684e-11 1.1099426e-11 5.8087276e-12 2.1037996e-12 4.624507e-13 2.0997704e-11 2.4675685e-08
11 3.0636252e-06 0.0016509541 0.30843654 0.02324038 2.396185e-06 5.236233e-10 7.044235e-12 8.31855e-13 1.09209754e-13 5.51493e-13 2.390994e-12 2.2529775e-13 9.46968e-13 6.3573815e-13 1.4799393e-12 4.017811e-11 9.954295e-11 5.5601834e-10 1.353001e-10 1.0725293e-10 4.2584665e-11 1.1835537e-10 3.8756603e-10 3.358949e-08
12 2.2472783e-05 0.2725724 0.06071099 2.6627164e-05 8.6228573e-07 2.136083e-08 7.415666e-10 4.474498e-09 3.4723296e-10 8.9365515e-11 5.2382176e-10 1.3808718e-10 9.139309e-11 1.0694139e-11 9.4052925e-12 5.300032e-12 9.112224e-13 3.4660165e-13 7.7928115e-14 4.9829834e-14 7.341199e-13 1.3316096e-12 1.7704433e-11 5.8148935e-09
13 0.22202139 0.07186304 0.0037185084 0.00015403646 7.3303027e-06 2.9839995e-07 1.2635377e-07 1.7759405e-07 2.3802334e-08 8.325278e-09 2.2284096e-08 2.1398675e-08 2.599846e-08 1.7209526e-08 2.2435338e-09 4.987512e-08 2.337304e-08 4.3761045e-08 1.0264738e-07 1.2935186e-06 6.452539e-05 0.00039907917 0.0068278275 0.028275385
14 1.1735807e-05 5.3139258e-05 0.000109311164 0.0015439739 0.023108555 0.024792314 0.05262951 0.04742673 0.10576453 0.046382867 0.026444599 0.004286875 0.00051383395 0.00010255742 9.567075e-05 3.2919117e-05 3.0087369e-05 1.938304e-06 3.0297508e-07 1.0828719e-07 3.744385e-07 1.1282229e-07 4.039399e-07 9.0659177e-07
15 0.0043529784 0.020194571 0.009699233 0.0044952333 0.006809972 0.0045689726 0.0028049345 0.0029571266 0.0020217805 0.003438494 0.005406116 0.0033987535 0.008318485 0.024259826 0.06937948 0.008791093 0.012125662 0.019383524 0.020484949 0.036157776 0.044901952 0.013825222 0.0036789975 0.0018782159
16 0.002330658 0.0044073393 0.005705725 0.020170677 0.03680511 0.01781975 0.04396346 0.042368438 0.053174075 0.032268036 0.017588984 0.017895002 0.007538764 0.0049212053 0.0055820514 0.006967443 0.0025031583 0.0028735537 0.0029880223 0.0013946269 0.0015715614 0.00064323685 0.0009829134 0.0008695667
17 2.095338e-05 9.841602e-05 0.032945573 0.28848225 0.011597805 0.00015196278 7.232059e-06 5.8786463e-07 1.1991631e-07 3.640232e-07 6.6787074e-08 3.2281655e-08 1.7255537e-08 3.459497e-08 1.1497154e-07 6.037672e-08 1.6115374e-07 7.681601e-08 1.0553124e-07 7.682469e-07 1.242928e-06 7.533547e-07 9.844061e-06 1.4805001e-05
18 0.0002876756 0.26229212 0.07017559 0.0005744804 3.122566e-06 3.76304e-08 8.3995955e-10 2.3132811e-09 2.7607433e-10 7.7302185e-11 2.2588464e-09 8.006549e-10 1.7965905e-10 3.841632e-11 1.4453079e-11 1.683789e-10 6.5546128e-12 9.978132e-12 4.068182e-13 5.0849727e-13 3.3107614e-11 3.114346e-10 2.0079887e-09 3.2214456e-07
19 6.150587e-08 1.7496941e-06 0.00080959144 0.2976962 0.034731217 9.2381015e-05 2.0486968e-06 6.352911e-08 5.9303202e-09 1.393758e-08 1.0049546e-08 1.3204742e-09 1.3462571e-09 6.3313366e-10 1.6132484e-11 4.536265e-12 6.1698437e-12 1.1662157e-11 3.3200265e-11 1.918372e-11 6.150183e-11 5.2867474e-11 5.826739e-10 5.550834e-09
20 0.28331584 0.01728277 0.00010425579 2.1581181e-07 2.8441338e-09 3.4690403e-11 3.4360177e-13 1.4644197e-12 1.257724e-14 2.5166948e-15 4.7454254e-15 7.1495e-15 6.5804867e-15 8.856098e-16 1.04018915e-14 9.621773e-14 1.0746217e-15 5.865134e-15 5.853532e-15 5.423114e-14 7.1184135e-11 6.934907e-09 2.1562735e-05 0.032608684
21 5.0244944e-06 0.3133274 0.020000685 2.3253237e-07 2.2107285e-09 5.4170512e-11 8.436958e-13 1.868429e-11 5.9262176e-13 1.1285289e-13 3.876093e-12 1.706568e-12 7.1607103e-13 1.1920173e-13 2.7406948e-13 2.5894824e-12 5.3251172e-14 7.959631e-14 1.5106822e-15 9.053107e-16 1.2811587e-14 5.0154705e-14 6.0322006e-13 2.4915001e-09
22 6.4665073e-07 0.0005781999 0.29887867 0.03384547 3.0284375e-05 3.303659e-08 5.3749085e-09 5.377294e-10 3.8496883e-10 4.228123e-10 2.8215907e-10 3.3079404e-11 1.3508093e-10 4.4898064e-11 7.1179724e-12 2.7905345e-11 1.8455797e-10 4.810425e-10 1.0916263e-09 8.364946e-10 3.6591552e-10 6.527108e-10 2.1588682e-09 1.75225e-08
23 0.0010787499 0.28119433 0.050979342 7.50452e-05 2.2509184e-06 1.4336814e-07 3.1471313e-08 1.12064065e-07 7.653827e-08 2.3099195e-08 2.121606e-07 7.062872e-08 2.7354933e-08 1.5199387e-08 4.320013e-09 2.5189411e-08 1.1448003e-08 1.7472747e-08 2.909421e-09 2.3459878e-09 8.079407e-09 3.0910368e-08 7.313713e-08 2.750357e-06
